  0.50000000000000000        2.0536152623500765       0.65257779842080810       0.31777023203169213     
   1.5000000000000000        1.4785768232801622       0.35604665438919580       0.24080362195812111     
   2.5000000000000000        1.6558618319421468       0.21483097055616138       0.12973967176004528     
   3.5000000000000000        2.3600410527499718       0.18164435946462715        7.6966610073571029E-002
   4.5000000000000000        2.8156700696807651       0.14898989898989901        5.2914544425580079E-002
   5.5000000000000000        2.7463017956759463       0.10218978102189782        3.7209960384833048E-002
   6.5000000000000000        2.6275092936802977        9.2936802973977703E-002   3.5370684776457273E-002
   7.5000000000000000        4.1880308117716769       0.10843373493975904        2.5891341256366725E-002
   8.5000000000000000        3.5636974789915969       0.10084033613445378        2.8296547821165818E-002
   9.5000000000000000        5.1228813559322024        8.5526315789473673E-002   1.6694963214487834E-002
