  0.44413711834664371     
  0.20343939128774388     
  0.53449298745466778     
  0.67488053635345358     
  0.37757940765130033     
  0.11939698126216240     
  0.52186345018734348     
  0.34653685619412566     
  0.55502158968978343     
  0.79677802834033207     
  0.37622678787886943     
  0.76007543329650440     
  0.33011892389818726     
  0.92635177199470353     
  0.53230129761322020     
  0.42767533771273802     
  0.23079921664795255     
  0.73196971925922660     
  0.86120255876051044     
  0.28366190684844433     
  0.37075604449045013     
  0.87372230904985937     
  0.11506886905106209     
  0.23973644138235686     
  0.64902630494284164     
  0.17284586790597525     
  0.19177888496650439     
  0.41366864924381058     
  0.33599405094947388     
  0.69632707152666784     
  0.96895669029736564     
  0.42194584290075648     
  0.91869084979902216     
  0.99014328838707522     
  0.53929907819300082     
  0.50776019676626494     
  0.48059444957210157     
  0.94357044674690504     
  0.36965084541613807     
  0.95593904414574771     
  0.53561640044085623     
  0.89791970149239353     
  0.96401498669807062     
  0.34840115103765734     
  0.62761497292430124     
  0.97593556359589539     
  0.81102759687981596     
  0.59598019032332905     
  0.16404237430397092     
  0.96185363829819626     
  0.62376615351590303     
  0.88999620399685464     
  0.30046469080444949     
  0.13506019215546011     
  0.46630670658627649     
  0.74671294027539714     
  0.58480707604897220     
  0.95325835225059097     
  0.97627335172952900     
  0.84631245037238989     
  0.67046814300044122     
  0.95307597933523991     
  0.45870654664015631     
  0.72463446908590645     
  0.26055913014685284     
  0.26098649537007346     
  0.76883670816103022     
  0.35492558081708897     
  0.39323806109494924     
  0.46650752784866162     
  0.57785145349974842     
  0.54561559889707356     
  0.52838275992781858     
  0.52926748316237737     
  0.44453843045438840     
  0.97287686725955547     
  0.42427568971636248     
  0.43414989769283480     
  0.95227769392610651     
  0.54386667766161356     
  0.82126006250955663     
  0.90660727317506573     
  0.96701719109495288     
  0.77243411508392801     
  0.75438263367252634     
  0.33001360487169978     
  0.39701031569510592     
  0.82195297621653096     
  0.95531972641638252     
  0.43606708686993056     
  0.54559974159424718     
  0.95830846836616401     
  0.48469617971546730     
  0.47357503718240834     
  0.88126750160921707     
  0.72207911825888671     
  0.35350781431297679     
  0.94584823974515797     
  0.28957693062107298     
  0.81528630826639614     
  0.97590588749521223     
  0.91791118371623370     
  0.98689249245008337     
  0.97866003969896931     
  0.68161037927886015     
  0.92011156510697911     
  0.39897617669677060     
  0.50685307660409096     
  0.79265794175520810     
  0.88967803796551415     
  0.76886767643528209     
  0.96242353018745630     
  0.81158083632586842     
  0.83554894661816892     
  0.52453348677704614     
  0.57749956162999860     
  0.75605538878956535     
  0.85107514618090052     
  0.94512611875515140     
  0.73661296964907530     
  0.99655022643826008     
  0.74629980212733227     
  0.37666626591535313     
  0.91358120087280625     
  0.70427297903529773     
  0.26195099829903035     
  0.88495704446792345     
  0.98756460563420279     
  0.83129237086722241     
  0.78216968175308466     
  0.63792984928269614     
  0.65124099285701265     
  0.70976317988297688     
  0.67453203528490424     
  0.56924814166589999     
  0.45453244052990477     
  0.92494583640629635     
  0.23844883628297650     
  0.96417560306977212     
  0.29548338078247249     
  0.93419714485948702     
  0.55879605650811415     
  0.89190130721900118     
  0.37348916383823061     
  0.26949559329959760     
  0.86084144438462773     
  0.85367078217478054     
  0.54752430123067020     
  0.91930956849023682     
  0.44377615432380868     
  0.98906107351229300     
  0.62811425889880601     
  0.93360429033366421     
  0.65560710773947473     
  0.77124544543973983     
  0.46093457605399152     
  0.28879823878767413     
  0.95646217635597308     
  0.93155492759002434     
  0.89913102488048691     
  0.98005289648008997     
  0.56452684978968104     
  0.83468720806747121     
  0.71441753689621046     
  0.88767210585337941     
  0.76125975126410739     
  0.98078395353531056     
  0.95764473195592748     
  0.58387959048275173     
  0.95429399852992680     
  0.84015350246739595     
  0.27351886412251136     
  0.97105414936645329     
  0.97664398751950277     
  0.75711429351342474     
  0.17468093885244390     
  0.63781421655285908     
  0.87785086356108044     
  0.21338044029808090     
  0.98099247897593678     
  0.94726654461272863     
  0.88430147105695345     
  0.65071880817073979     
  0.97474037232940103     
  0.98064174811453575     
  0.24217266709655985     
  0.74724224287003482     
  0.72084495789748826     
  0.58489165736685966     
  0.83595710005097223     
  0.92655513744823359     
  0.79437270198158583     
  0.97373607608395951     
  0.94271113871248935     
  0.35791723890706661     
  0.27442366851667965     
  0.59189607957683776     
  0.47488652038787088     
  0.85148951749387369     
  0.90164190644470465     
  0.76043256479245780     
  0.90396151660309243     
  0.84381522997887881     
  0.83510869110114017     
  0.68871431727361287     
  0.97247180363775709     
  0.66818322305256705     
  0.28531529701890801     
  0.95836507695187911     
  0.32886346818973422     
  0.55967522710289819     
  0.61853348408843145     
  0.74279111257830377     
  0.96627762139747997     
  0.75841546214503253     
  0.96306911727196376     
  0.89024012847449319     
  0.90189092111388169     
  0.64959795571587964     
  0.95152747841471375     
  0.73205448110173943     
  0.73833404828722038     
  0.72566148619840110     
  0.81108202901123905     
  0.87746096042514854     
  0.43362507277700391     
  0.58824856644759038     
  0.43413104503473510     
  0.71228320196603967     
  0.86895044802209476     
  0.97001239177886067     
  0.92782211895247235     
  0.92470318081182101     
  0.78913520132945525     
  0.47386581536279404     
  0.92554458116172711     
  0.96037519614263689     
  0.49947294280738047     
  0.72249423508619481     
  0.59946462162488034     
  0.80298223062848673     
  0.95098845796322873     
  0.39086634297065637     
  0.75576390872813348     
  0.86902614809495438     
  0.41413099934981817     
  0.59896482712857624     
  0.58493089238877705     
  0.30557968616493159     
  0.52770359222859786     
  0.97861397841798548     
  0.60497939682288604     
  0.49679009694414678     
  0.77406799761309719     
  0.95205415134355675     
  0.96632908253479299     
  0.79622555186078303     
  0.76821885187255279     
  0.30191162813718003     
  0.70699206930082426     
  0.68026719231338095     
  0.69145149528184247     
  0.62016656773303225     
  0.88957253019664717     
  0.88702556668575261     
  0.87075901347784856     
  0.49117144343677771     
  0.61689440543249607     
  0.54253466272973394     
  0.60870120939822447     
  0.93568204113411002     
  0.26428112291042821     
  0.86377593799916064     
  0.87967110117475866     
  0.75550091227568861     
  0.30493326902372891     
  0.90707003111945572     
  0.94573143051202491     
  0.95143951422485118     
  0.90738225703193442     
  0.67785889044974024     
  0.76403540773180667     
  0.87279291767975697     
  0.99417316089240171     
  0.99117970841455050     
  0.84595328040485762     
  0.43673691590169234     
  0.75444897520518028     
  0.67761473186485965     
  0.79585100986116808     
  0.58837532996850705     
  0.97346589807442641     
  0.84597873741565677     
  0.65448544139683551     
  0.75083193269329906     
  0.94341035128350770     
  0.87311142997815960     
  0.69907487281740566     
  0.32380025199816803     
  0.81318476050465471     
  0.52981781927311788     
  0.79502957757194714     
  0.69023683410735537     
  0.78055848136063644     
  0.81141421288024629     
  0.91284438262355527     
  0.93136309093766223     
  0.76621932466376208     
  0.92710552098989596     
  0.95916291691114586     
  0.95491617889343261     
  0.89107185910637432     
  0.84347734674360952     
  0.90845893630977037     
  0.93551111781583030     
  0.78671342228687169     
  0.73772556535933198     
  0.93297120465526939     
  0.86209651555181466     
  0.74285088215310446     
  0.76584521538028549     
  0.67498770600392222     
  0.73755715891901275     
  0.97068318667385722     
  0.90511455352258363     
  0.94755348732486966     
  0.60209428308842428     
  0.92458238646744284     
  0.88216102299014121     
  0.61074895232338422     
  0.86255823999622316     
  0.88567097403881090     
  0.99707886970731074     
  0.62876930699891920     
  0.78104654607808310     
  0.97808408492844667     
  0.83603209518524157     
  0.80109336661112251     
  0.84333520761648861     
  0.95305864125345641     
  0.91340174234469973     
  0.95334969131008918     
  0.99867968464195278     
  0.75596488947496154     
  0.99830023212700458     
  0.97936048888493732     
  0.99811415227544864     
  0.80923132713017143     
