  0.27110926357838683     
  0.27535700114004191     
  0.25633736941691465     
   4.3454173160131031     
  0.25645509470718025     
   7.4834333904575834E-002
   1.0377312496526110     
  0.24386881611513983     
  0.21661584257748775     
   1.8062578719206948     
  0.42182860342115985     
   4.7265897771978977     
  0.14926819145729917     
   10.208503709819503     
  0.86782451374824321     
  0.46715784812510192     
  0.16669505400407050     
   1.4023300198586222     
   1.9237929180580786     
  0.26484485739144636     
  0.35175862319356110     
   7.2539545267781156     
   6.9214736938822019E-002
  0.31870752454298051     
   1.2190824055972389     
  0.24312528949139989     
  0.15101746865337623     
  0.72193840483462735     
  0.84924503686907771     
   1.6165222209334416     
   6.9147917045338625     
  0.64314620975753156     
   6.8109430072746271     
   3.6098382159651163     
  0.55694283438637116     
  0.68947397167709346     
  0.37963255217176167     
   4.0053944535953194     
  0.99833508394293757     
   8.1785752320690275     
  0.43737802791643271     
   8.2137646270101570     
   6.3788211550402645     
  0.79139769202884847     
   3.1374062520768891     
   10.284344126128879     
  0.49413422371947019     
   1.4168635405275003     
  0.20206157585352921     
   4.0368214782198901     
   1.9333693337850080     
   4.6602791711594840     
  0.33038772611583922     
  0.31442167401515869     
  0.54889535673871415     
   1.8057446971226216     
   1.2937491010879849     
   8.4638624159618541     
   1.0221269960958783     
   6.6409342446159982     
   4.1562843520277211     
   6.3969386163134709     
   1.5308153790348802     
   3.5411570111005592     
  0.16338132465443081     
   1.2528871454381443     
   2.4972806363396067     
  0.29866755080618607     
  0.68482906458537784     
  0.72306548391348846     
   2.6288998524313509     
   1.2248863206865748     
   1.8509158706499949     
  0.87444002224886253     
   2.7292929354900024     
   4.3227374462847914     
  0.62803203377152883     
  0.48405763918222344     
   1.4750697342707051     
   1.7309479261418466     
   1.5313607936332199     
   3.0109408939774611     
   8.4694491389610302     
   3.9500376087244300     
   4.7544820661414402     
   1.0060672051175557     
  0.89891479921195672     
   2.5711674151397155     
   7.6348760820782262     
  0.71203700490092214     
   2.6514316588443738     
   9.3879260923005337     
   1.8442897123528141     
  0.22559400997487550     
   8.1628848445598408     
   1.7514961811248959     
   2.1663742242882988     
   6.4461056535828192     
  0.67888101073468987     
   4.3439380118593443     
   4.8606694785874334     
   7.2942703300939531     
   7.9645041001371988     
   4.9559453107868290     
   4.8680197217610139     
   4.8385508493906286     
  0.89523090720004161     
   1.1668159543749979     
   3.1221344131736690     
   4.1669723025476042     
   3.8208536471341352     
   6.9934414364144848     
   4.7257527052941048     
   5.9997818365218105     
   3.0445551150561334     
   1.1157237185460875     
   3.4008450234878067     
   1.8116441381894914     
   9.2263334745280936     
   3.2792162664682878     
   10.329927067048049     
   1.8238848138785277     
   1.2111918562646213     
   5.2937315151975435     
   2.7925269973901425     
  0.17863288805030741     
   6.6097183180841119     
   8.4222656274109937     
   2.1448256569893549     
   2.9156212584132630     
   4.0929987246987576     
   2.3119296477620725     
   5.2075191522196453     
   1.1492668554075003     
   1.1704965049966705     
  0.70079375743274086     
   7.3557496276263921     
  0.43866115835699754     
   8.6470416561039585     
  0.40906290122422989     
   1.5686826310663704     
   2.1707113507983076     
   6.5287368843848519     
   2.1087880051041146     
  0.38060833289616136     
   3.8280752242246532     
   6.2699367967305895     
   1.0604578651223733     
   10.069933610015948     
  0.74246087281743534     
   5.1040208727350063     
   1.7404842921158630     
   1.6295947301574469     
  0.88346689678632073     
   4.9327215428021498     
   1.7783012952608526     
  0.23850659865920687     
   5.7921836159419939     
   7.4176119528979436     
   5.6095424549140915     
   6.7250172689864316     
   3.4465647582094028     
   4.1089014509273136     
   1.3190653708381612     
   1.8781502557891088     
   3.0246275120217483     
   8.9323736253733284     
   5.8014960965672051     
   4.9716129959828157     
   3.0498931572178414     
   2.4926374609725523     
  0.23326604781301788     
   8.8668258678997365     
   6.8781635224203725     
   7.4948942889868588     
  0.45745447022445540     
  0.46583787655862507     
   1.5774022844816906     
  0.67362895616066021     
   6.9187895026959820     
   7.1342332471470113     
   6.0967129551226069     
   3.5301351683654163     
   5.7214258262561755     
   10.828654723814488     
  0.35891691287050598     
   3.7642412559572334     
   7.3086325116266586     
   3.7028077587290258     
   5.3054040216592933     
   4.2533234848822552     
   1.5041115795625948     
   10.284684496709076     
   7.6147716411287201     
  0.66822792322794400     
   1.6360626159949117     
   3.4278791270469027     
   1.2962401565975998     
   2.9298679969871060     
   10.353931370099128     
   4.4014774256960258     
   4.6806216435978563     
   4.1254693916236107     
   6.5756527479522768     
   3.3245422641105824     
   4.2667852734694867     
   3.3433559600031537     
  0.65622708010696118     
   7.3380574418550957     
   1.5002913603585248     
   1.5513659739869554     
   3.0576841869891447     
   6.3241516788723882     
   9.1822588567189349     
   3.8172805963852388     
   9.0389088856435027     
   5.4232725946233771     
   6.2233881212897408     
   3.8347882477472819     
   5.2100082842124005     
   4.5540536907694023     
   6.7616234202598573     
   3.7658395538919720     
   8.6481652780209455     
   3.6653544226243997     
   1.2567806276840774     
  0.41460872060005693     
   1.8901001628440544     
  0.53897045048765690     
   4.9116731651721599     
   10.071170720834266     
   14.292935545293297     
   7.3784351311786160     
   2.1646914396307073     
   1.5002112395106868     
   7.6326923638883635     
   5.1517244393773138     
  0.76757906298680412     
   1.1518056726199573     
   4.6337358473644743     
   1.8779547459709518     
   2.4362872903092301     
   2.0750067187842505     
   3.6526070521776175     
   3.7378687255966625     
   2.3264992241801141     
   1.1322865042614743     
   2.0281916238893039     
  0.35686303252236307     
  0.69397945505609482     
   7.5909052342815126     
   2.9904754144730381     
   2.2355765085377453     
   4.7386104936280757     
   4.5635522060912157     
   4.5174649834434462     
   1.9632977336396333     
   1.7148598035778613     
   1.2469455311341291     
   2.2458692492769030     
   1.1418197252114282     
   1.2196364886116273     
   1.7944087245371203     
   1.8710304922461860     
   4.7990094664103617     
   4.7384296863517470     
  0.95660126508188204     
   1.0580699178784236     
   2.2065983749134532     
   3.2070225204820200     
   5.9426485381573926     
  0.44481434553742605     
   3.3239850257116554     
   8.0372541168935037     
   3.2172119930581471     
  0.37316729897923406     
   7.1563120522333037     
   6.4464104944866838     
   2.1120578173958311     
   4.5567070605293898     
   4.9394699400908930     
   4.0234959957563179     
   3.5260378394312482     
   11.906147965583727     
   3.2695653585666382     
   3.7923543835427380     
  0.32859956283964559     
   2.7748907093642705     
   6.2055947899531789     
   5.3637448063214368     
   4.9028923766786567     
   5.8959860331925062     
   3.3668653275877070     
   1.3048629095211137     
   3.8721188080585236     
   8.5548680290024901     
   9.4181021035157819     
   1.0748361994482334     
   1.6223166645017926     
   2.8867841309919395     
  0.90062217853370552     
   1.1146669449109377     
   1.1792985963727201     
   3.2576316900271518     
   5.0985376545174512     
   7.7921656690541692     
   5.1386189685071315     
   3.7074438860412435     
   3.4479115943171164     
   4.5123786024209531     
   2.1938909155262367     
   1.2654933780858117     
   6.1948745155171459     
   7.3487400442925255     
   6.2724262768466001     
   3.7298621250912003     
   3.7331634274783654     
   1.0204703616851556     
   6.8121564293063717     
   3.1080193466500812     
  0.71651519807465391     
  0.74173024404460608     
   5.5858625914801632     
   3.9593876999144619     
   5.0402292558621919     
   2.2455716282518536     
  0.99910251625197644     
   4.4077659167468344     
  0.82214169166991935     
  0.76856957388346825     
   4.5281196463589408     
   3.5661353370393911     
   6.4336330858170578     
   2.3686592229015231     
   1.2580073315646652     
   6.3141638811421403     
   1.1773108449425609     
   4.8829871344322022     
   1.6271469353400643     
   9.1188552325860144     
   2.8179220265183051     
   6.8398368451886711     
   7.8535415895631893     
  0.52412901116496780     
   4.3870131569755388     
   1.3062703629405821     
   4.9960178596917002     
   1.0452930494365109     
