   19.519142619047617     
   19.519142619047617     
   19.519142619047617     
   6.6598333333333324     
   19.519142619047617     
   19.519142619047617     
   19.519142619047617     
   19.519142619047617     
   19.519142619047617     
   6.8746666666666680     
   19.519142619047617     
   5.1559999999999997     
   19.519142619047617     
   2.9769761904761909     
   6.8746666666666680     
   19.519142619047617     
   19.519142619047617     
   4.6649523809523803     
   1.9334999999999993     
   19.519142619047617     
   19.519142619047617     
   5.9846428571428563     
   19.519142619047617     
   13.258285714285714     
   13.503809523809526     
   19.519142619047617     
   19.519142619047617     
   9.6675000000000004     
   15.468000000000000     
   4.9411666666666649     
   1.9334999999999993     
   19.519142619047617     
   2.1483333333333325     
   1.7186666666666659     
   3.8670000000000004     
   10.680285714285716     
   2.3631666666666660     
   4.0818333333333339     
   3.4373333333333340     
   1.7186666666666659     
   2.9769761904761909     
   2.1483333333333325     
   1.7186666666666668     
   13.104833333333335     
   6.6598333333333324     
   1.7186666666666659     
   3.1611190476190481     
   1.9334999999999998     
   16.112500000000001     
   1.7186666666666668     
   4.9411666666666649     
   4.0818333333333339     
   5.1559999999999997     
   19.519142619047617     
   16.971833333333333     
   2.1483333333333325     
   4.0818333333333339     
   3.6521666666666666     
   1.7186666666666659     
   3.1611190476190481     
   3.8670000000000004     
   1.9334999999999993     
   17.769785714285710     
   7.2429523809523797     
   19.519142619047617     
   7.9488333333333330     
   2.1483333333333325     
   19.519142619047617     
   13.964166666666666     
   19.519142619047617     
   5.9846428571428563     
   19.273618809523811     
   8.3785000000000007     
   5.5856666666666639     
   5.9846428571428580     
   1.9334999999999998     
   10.250619047619049     
   4.9411666666666667     
   1.9334999999999998     
   12.184119047619047     
   3.6521666666666661     
   6.1687857142857130     
   1.7186666666666666     
   4.2352857142857134     
   3.1611190476190481     
   4.4808095238095236     
   3.6521666666666661     
   5.1559999999999997     
   2.3631666666666660     
   2.9769761904761904     
   5.1559999999999988     
   2.3631666666666660     
   13.104833333333332     
   18.015309285714284     
   7.0894999999999984     
   1.9335000000000002     
   4.6649523809523803     
   2.3631666666666660     
   15.682833571428572     
   8.1636666666666642     
   1.7186666666666668     
   2.7314523809523807     
   2.3631666666666673     
   1.9335000000000002     
   5.3708333333333318     
   1.9335000000000004     
   4.4808095238095227     
   4.0818333333333330     
   2.9769761904761909     
   1.9335000000000002     
   5.1559999999999997     
   1.9335000000000002     
   3.6521666666666666     
   3.1611190476190481     
   9.4526666666666639     
   4.4808095238095245     
   3.1611190476190481     
   3.4373333333333340     
   1.7186666666666668     
   11.999976190476190     
   1.7186666666666657     
   2.5779999999999985     
   6.4449999999999994     
   2.1483333333333321     
   2.7314523809523807     
   16.112499761904765     
   4.2352857142857134     
   2.3631666666666669     
   2.3631666666666669     
   14.393833333333333     
   6.4449999999999994     
   2.7314523809523807     
   3.6521666666666661     
   15.007642619047619     
   7.6726190476190483     
   14.762118809523813     
   2.5779999999999994     
   8.3784999999999989     
   1.7186666666666675     
   7.0895000000000001     
   1.9335000000000004     
   14.178999761904763     
   8.1636666666666660     
   10.496142857142857     
   14.178999761904761     
   9.8823333333333334     
   2.9769761904761904     
   13.687952142857146     
   1.7186666666666663     
   13.503809285714286     
   1.9334999999999993     
   13.258285476190478     
   1.7186666666666670     
   2.1483333333333330     
   8.3784999999999989     
   2.1483333333333330     
   13.104833095238101     
   1.7186666666666681     
   1.7186666666666657     
   5.3708333333333353     
   2.1483333333333325     
   8.7467857142857106     
   2.5780000000000003     
   2.9769761904761922     
   12.675166428571428     
   3.8670000000000018     
   1.9335000000000002     
   1.9335000000000002     
   2.7314523809523821     
   3.1611190476190489     
   1.7186666666666668     
   12.460333095238095     
   1.9334999999999993     
   2.5780000000000016     
   4.4808095238095218     
   11.999975952380952     
   11.999975952380952     
   6.4449999999999985     
   8.9923095238095261     
   1.9334999999999976     
   1.7186666666666643     
   7.2429523809523806     
   6.1687857142857139     
   2.3631666666666646     
   2.7314523809523794     
   11.600999761904763     
   2.9769761904761913     
   11.600999761904763     
   8.9923095238095261     
   1.7186666666666655     
   1.9335000000000004     
   1.9335000000000011     
   1.9335000000000011     
   2.1483333333333312     
   11.386166428571427     
   11.171333095238094     
   2.7314523809523794     
   11.171333095238094     
   2.9769761904761922     
   2.7314523809523807     
   10.680285476190477     
   3.8669999999999987     
   1.9335000000000024     
   5.7391190476190461     
   4.9411666666666632     
   2.5779999999999985     
   4.6649523809523838     
   10.496142619047621     
   2.5780000000000025     
   5.9846428571428598     
   2.7314523809523807     
   9.6674997619047627     
   2.9769761904761927     
   3.1611190476190458     
   6.6598333333333342     
   2.3631666666666682     
   1.7186666666666695     
   1.9334999999999987     
   5.1559999999999997     
   1.9335000000000035     
   2.3631666666666669     
   6.6598333333333297     
   7.2429523809523770     
   3.8670000000000000     
   3.6521666666666674     
   7.4884761904761890     
   9.1764521428571442     
   7.4884761904761907     
   2.5779999999999985     
   1.9334999999999969     
   1.7186666666666699     
   2.5779999999999985     
   1.7186666666666652     
   8.9923092857142883     
   2.3631666666666660     
   3.6521666666666697     
   2.1483333333333348     
   8.7467854761904764     
   8.7467854761904764     
   8.7467854761904764     
   8.5933330952380977     
   2.9769761904761904     
   8.5933330952380977     
   5.5856666666666657     
   2.9769761904761891     
   3.1611190476190467     
   5.3708333333333318     
   3.1611190476190445     
   8.1636664285714282     
   7.9488330952380934     
   1.7186666666666670     
   2.9769761904761913     
   7.9488330952380934     
   7.6726188095238115     
   1.7186666666666703     
   1.9334999999999980     
   3.1611190476190507     
   3.4373333333333318     
   5.3708333333333353     
   7.2429521428571473     
   3.1611190476190489     
   7.0894997619047642     
   4.0818333333333321     
   1.9335000000000016     
   2.3631666666666642     
   2.3631666666666651     
   6.6598330952380937     
   1.9335000000000004     
   5.7391192857142839     
   6.6598330952380937     
   1.7186666666666632     
   6.4449997619047608     
   1.7186666666666686     
   4.9411666666666667     
   4.0818335714285690     
   6.1687854761904788     
   2.5780000000000003     
   1.7186666666666655     
   2.5780000000000016     
   1.7186666666666655     
   5.7391188095238119     
   4.0818333333333330     
   4.6649521428571372     
   2.1483333333333330     
   1.7186666666666652     
   2.1483333333333348     
   5.1559997619047637     
   5.1559997619047637     
   4.4808097619047640     
   3.1611190476190481     
   4.9411664285714263     
   1.9334999999999987     
   4.9411664285714263     
   4.6649521428571470     
   4.6649521428571470     
   2.1483333333333339     
   3.8670000000000009     
   4.4808092857142876     
   4.4808092857142876     
   4.2352854761904775     
   4.2352854761904775     
   4.2352854761904775     
   4.2352854761904775     
   4.2352854761904775     
   4.2352854761904775     
   3.8669997619047662     
   4.0818330952380988     
   2.7314523809523834     
   4.0818330952380988     
   1.7186666666666666     
   3.8669997619047600     
   1.9335002777777788     
   3.8669997619047600     
   1.7186666666666686     
   1.9335000000000020     
   3.8669997619047600     
   2.7314526190476172     
   3.4373330952380958     
   3.4373330952380958     
   3.4373330952380958     
   3.1611188095238125     
   3.1611188095238125     
   2.5779997619047599     
   1.7186666666666628     
   3.1611188095238125     
   2.9769759523809536     
   2.9769759523809536     
   2.7314521428571426     
   1.9334997619047596     
   2.3631664285714318     
   1.7186663888888909     
   2.3631664285714287     
   1.7186663333333332     
   2.3631664285714287     
   2.1483328571428602     
   1.7186666666666670     
   1.9334997619047591     
   1.9334997619047591     
   1.9334997222222239     
   1.9334997222222239     
   1.9334997222222239     
   1.7186663888888922     
   1.7186663888888922     
   1.7186663888888922     
   1.7186663888888922     
   1.7186663333333339     
   1.7186663333333339     
   1.7186663333333339     
