  0.96855345873591070     
  0.95754716929347938     
  0.97798743331317517     
  0.38709677419354849     
  0.98899371055756868     
   1.0000000000000000     
  0.96698113167270638     
  0.98899372275560637     
   1.0000000000000000     
  0.96874999999999989     
   1.0000000000000000     
  0.24999999999999983     
   1.0000000000000000     
   0.0000000000000000     
  0.96874999999999989     
  0.95597484223027496     
   1.0000000000000000     
  0.76973684210526327     
  0.25925925925925936     
   1.0000000000000000     
   1.0000000000000000     
   0.0000000000000000     
   1.0000000000000000     
   1.0000000000000000     
  0.95227272727272738     
   1.0000000000000000     
   1.0000000000000000     
   1.0000000000000000     
  0.84722222222222210     
  0.78260869565217417     
   0.0000000000000000     
  0.95597484223027496     
   0.0000000000000000     
  0.27083333333333343     
   1.0000000000000000     
  0.92528735632183901     
  0.72727272727272740     
  0.31578947368421051     
  0.87500000000000000     
   0.0000000000000000     
  0.92783505154639179     
   0.0000000000000000     
   0.0000000000000000     
  0.88524590163934413     
  0.45161290322580649     
   0.0000000000000000     
  0.93203883495145634     
  0.22222222222222224     
   1.0000000000000000     
   0.0000000000000000     
  0.60869565217391297     
  0.42105263157894740     
   1.0000000000000000     
  0.92295597390298167     
   1.0000000000000000     
  0.60000000000000009     
  0.84210526315789469     
   0.0000000000000000     
  0.27083333333333343     
   0.0000000000000000     
   0.0000000000000000     
   0.0000000000000000     
  0.78583765112262538     
  0.62288135593220351     
   1.0000000000000000     
  0.70270270270270263     
  0.40000000000000008     
  0.98899371055756868     
  0.86153846153846192     
  0.98899372275560637     
  0.57435897435897465     
  0.87738853351717538     
  0.69230769230769240     
   1.0000000000000000     
   0.0000000000000000     
  0.25925925925925924     
  0.91616766467065891     
   1.0000000000000000     
  0.44444444444444448     
  0.91687657430730463     
  0.88235294117647056     
  0.55721393034825872     
   0.0000000000000000     
  0.28985507246376824     
   0.0000000000000000     
  0.76712328767123283     
   1.0000000000000000     
  0.83333333333333326     
   0.0000000000000000     
  0.92783505154639179     
  0.50000000000000011     
   0.0000000000000000     
  0.59016393442622939     
   1.0000000000000000     
  0.12121212121212127     
  0.44444444444444436     
  0.18421052631578952     
   0.0000000000000000     
  0.75342464609582738     
  0.36842105263157909     
  0.27083333333333331     
  0.31460674157303370     
   0.0000000000000000     
   0.0000000000000000     
   7.9999999999999835E-002
   0.0000000000000000     
  0.66438356164383572     
  0.63157894736842113     
  0.85567010309278346     
   0.0000000000000000     
  0.16666666666666666     
   0.0000000000000000     
   0.0000000000000000     
  0.40776699029126218     
  0.34090909090909105     
   1.0000000000000000     
  0.38834951456310679     
  0.87500000000000000     
   0.0000000000000000     
  0.59079283887468048     
   0.0000000000000000     
  0.66666666666666696     
  0.66666666666666674     
  0.20000000000000018     
  0.62921348314606729     
   1.0000000000000000     
   0.0000000000000000     
   0.0000000000000000     
  0.72727272727272718     
  0.77611940298507454     
   6.6666666666666693E-002
  0.68539325842696630     
  0.23529411764705874     
  0.98568508721246928     
  0.85999999999999988     
  0.98544698521226270     
   0.0000000000000000     
  0.84615384615384637     
   0.0000000000000000     
  0.90909090909090928     
  0.22222222222222215     
  0.57575756863365302     
  0.15789473684210534     
  0.26608187134502931     
   1.0000000000000000     
  0.21739130434782591     
   0.0000000000000000     
  0.95291479738725404     
   0.0000000000000000     
   1.0000000000000000     
   0.0000000000000000     
  0.82175925605837241     
  0.29999999999999993     
  0.59999999999999987     
   0.0000000000000000     
   0.0000000000000000     
   1.0000000000000000     
   0.0000000000000000     
   0.0000000000000000     
  0.39999999999999952     
   0.0000000000000000     
  0.46666666666666706     
   0.0000000000000000     
  0.86597938144329867     
  0.91525425448062592     
  0.22222222222222215     
   0.0000000000000000     
   0.0000000000000000     
   0.0000000000000000     
  0.11650485436893204     
  0.29999999999999988     
   1.0000000000000000     
   0.0000000000000000     
   0.0000000000000000     
   0.0000000000000000     
  0.84143222191774658     
  0.98209718634555210     
  0.96666666666666667     
  0.71672354948805472     
  0.22222222222222254     
   0.0000000000000000     
   0.0000000000000000     
  0.34825870646766177     
   0.0000000000000000     
   0.0000000000000000     
  0.96296296220282673     
  0.28865979381443296     
   0.0000000000000000     
   0.0000000000000000     
   0.0000000000000000     
   0.0000000000000000     
  0.22222222222222185     
   0.0000000000000000     
   0.0000000000000000     
  0.92452830030860966     
  0.11538461784381371     
  0.31460674157303392     
  0.86538461251555032     
   0.0000000000000000     
   0.0000000000000000     
  0.47701148259390885     
   0.0000000000000000     
   0.0000000000000000     
   0.0000000000000000     
  0.52173913043478259     
   0.0000000000000000     
  0.46052631578947395     
  0.89766081639198125     
   0.0000000000000000     
  0.64615384615384641     
  0.76404494382022481     
  0.26666667323424520     
   0.0000000000000000     
   0.0000000000000000     
  0.19354838709677419     
   0.0000000000000000     
   0.0000000000000000     
   0.0000000000000000     
   8.3333333333333356E-002
   0.0000000000000000     
   0.0000000000000000     
   0.0000000000000000     
  0.29661016949152558     
   0.0000000000000000     
  0.23529411764705851     
  0.74590167113914707     
   1.0000000000000000     
  0.43032786885245877     
  0.83333333333333393     
   0.0000000000000000     
   0.0000000000000000     
   0.0000000000000000     
   0.0000000000000000     
  0.73720135822942223     
   0.0000000000000000     
   0.0000000000000000     
   0.0000000000000000     
  0.88421052316389748     
  0.90175438329057978     
   0.0000000000000000     
  0.82500002285825147     
  0.86597938144329922     
  0.42500001177546293     
  0.38461538461538475     
   0.0000000000000000     
  0.13592233009708746     
  0.84000000000000019     
  0.38834951456310712     
   1.0000000000000000     
  0.97297297216341927     
   0.0000000000000000     
  0.14432989690721612     
  0.32432433403896754     
  0.11200000347556252     
   0.0000000000000000     
   0.0000000000000000     
  0.79611650485436880     
  0.87499999999999989     
  0.48000000000000032     
  0.59322035848379251     
  0.93203883495145601     
  0.93939390377432430     
  0.73684210526315808     
  0.44444444444444420     
   0.0000000000000000     
   0.0000000000000000     
  0.80645164173462236     
  0.44444444444444442     
  0.59893045643596987     
  0.38709675228168661     
   0.0000000000000000     
  0.93333333087049097     
   0.0000000000000000     
   0.0000000000000000     
   0.0000000000000000     
  0.96517412800906743     
   0.0000000000000000     
   0.0000000000000000     
  0.83333333333333270     
   0.0000000000000000     
   0.0000000000000000     
   0.0000000000000000     
  0.64473687501208965     
   0.0000000000000000     
   0.0000000000000000     
   0.0000000000000000     
   1.0000000000000000     
  0.49999997691085540     
   0.0000000000000000     
  0.13592233009708671     
   0.0000000000000000     
  0.25925925925925952     
  0.60869568150454589     
  0.72368424746254900     
   0.0000000000000000     
   0.0000000000000000     
   0.0000000000000000     
   1.0000000000000000     
  0.19178083210840000     
  0.49275359467251267     
  0.96376811390517958     
  0.96376811390517958     
  0.91304347337243086     
  0.39130431360701579     
  0.20289856213099483     
   0.0000000000000000     
  0.21052626973910329     
   0.0000000000000000     
  0.52631576184346163     
   0.0000000000000000     
  0.77777782566637277     
  0.48148155597483561     
   0.0000000000000000     
   0.0000000000000000     
   0.0000000000000000     
  0.55555552819064413     
   0.0000000000000000     
   1.0000000000000000     
   0.0000000000000000     
  0.62499997402471286     
  0.93203882983262676     
  0.93203882983262676     
   0.0000000000000000     
   0.0000000000000000     
  0.13592234033474718     
  0.86597937072447884     
  0.85567009154943863     
  0.13483147242714683     
  0.44444449917427120     
  0.72727269979473563     
   0.0000000000000000     
   0.0000000000000000     
   0.0000000000000000     
   0.0000000000000000     
  0.60000002216558146     
   0.0000000000000000     
  0.44444437603216252     
   0.0000000000000000     
  0.48148140698810521     
   0.0000000000000000     
   0.0000000000000000     
   0.0000000000000000     
   0.0000000000000000     
  0.27083337710650590     
  0.27083337710650590     
  0.30000005818465014     
   0.0000000000000000     
  0.30000005818465014     
