  0.93010037679860535     
   1.3303484897652180     
  0.87863990513146917     
   9.2728975771594460     
  0.94344198056415896     
  0.76237735803164364     
   2.9237171680513532     
  0.96250141451495008     
  0.78906056556275117     
   4.1019304832095749     
   1.4256456595191735     
   9.7695934463777760     
  0.76428330142672274     
   17.064800448237214     
   3.0304499612102402     
   1.4847299047666260     
  0.93963009377400075     
   4.0273085010820298     
   6.2007668437071075     
   1.1073531125409624     
   1.2083681124801551     
   12.239909689483007     
  0.75856547124148543     
   1.5517026190270955     
   2.9119869172720212     
   1.3017593388390316     
  0.94344198056415918     
   2.7706971073922197     
   3.1555161500855844     
   4.3518014349801737     
   12.914379065465180     
   1.9745573573019568     
   13.160811260113046     
   8.4852598913886741     
   3.2324799586242570     
   2.1770473859268966     
   4.1343995899368284     
   7.8199280202056727     
   5.2058801119361622     
   15.758339798293251     
   3.6769459529350907     
   15.844924082899261     
   13.536009826739074     
   3.1709719968822840     
   7.7199665371291299     
   17.809721310497107     
   3.4597637057150243     
   6.2773606339354995     
   1.2860652406812219     
   10.101499870700801     
   5.4435163278385215     
   8.8589394354777564     
   2.6696821086852118     
   1.8906958479184766     
   1.4533007770577864     
   6.3495142044405055     
   4.6390948278376314     
   13.843299150536863     
   4.7554753237453005     
   12.702636087406256     
   10.207325107441479     
   12.261666766127590     
   4.5933037754026040     
   7.2628071951716624     
  0.88435773531670669     
   6.1451440912263262     
   7.8791698991466275     
   1.0273034899476396     
   2.3764055959556352     
   1.9898049044625901     
   7.2419983688408847     
   2.6424751899027434     
   5.4303887216998152     
   3.4034284179745788     
   7.5652463647033077     
   9.4177060332995168     
   2.2574130249973288     
   2.7029354933527361     
   5.0651806494514027     
   4.1586628183056398     
   4.8181607786636773     
   5.7111166433156191     
   15.851584412484335     
   8.3798529362161442     
   10.884366110680114     
   4.9151407590040064     
   4.6959241415728439     
   5.5991170711884450     
   13.853485536961099     
   4.5120032755796915     
   7.0999113376925651     
   15.996446580959770     
   5.2887384334751086     
  0.90242361195998122     
   13.124078533310499     
   6.8834506261775470     
   9.5698419827691801     
   11.970277346780454     
   3.0885681327540713     
   7.8381562906490467     
   9.6974398758727691     
   13.317817429531939     
   13.723609110052088     
   10.070418332637107     
   10.951180316967752     
   10.693159148841847     
   4.2094195351605270     
   4.7484644504978508     
   7.7175459012154111     
   9.7440621829683138     
   8.1172766818131450     
   13.473846750611685     
   9.9011676043574912     
   11.945023597103697     
   8.2884774263750245     
   4.0350648798580178     
   8.2200955197827756     
   5.2383492186634149     
   17.778639772433415     
   6.3399183331712958     
   16.877275168586259     
   6.0955336362628847     
   4.5947393697587646     
   10.880758432154865     
   7.6771399017326090     
   1.0597916592381196     
   11.621116807771447     
   14.026654106173115     
   6.1907763493294912     
   5.2260723424879370     
   9.6916675902323703     
   7.2245927075252139     
   11.449498340841382     
   2.5631781673651703     
   3.5589604344453067     
   2.0539016700386874     
   13.559098969300674     
   2.5264850226060473     
   16.061384794414280     
   2.3246568533612755     
   5.2816413609664190     
   4.9300567729280518     
   10.718223020701483     
   7.2234585040309582     
   1.5086655904383346     
   6.4147661290711184     
   12.229549176795105     
   2.9815279509183936     
   20.506044737522625     
   2.0414213280453719     
   9.6108555912667626     
   3.7908684917763642     
   5.9598849237134726     
   5.1084727917544068     
   9.4132658135761353     
   8.9470427426207113     
   1.2065023483974890     
   12.961001372560721     
   14.849204809930178     
   9.6697329047988454     
   11.948631275628944     
   8.3321424196643683     
   9.1779341682367281     
   5.0103439358675965     
   3.4281507226945593     
   7.3308027633085793     
   15.245494420242286     
   11.842066002267709     
   15.047194207395911     
   6.7301242888544088     
   8.5862748900956838     
   1.2539793182552503     
   15.368710517566218     
   12.104482987919759     
   14.786935290179287     
   3.1343068762895738     
   1.5780041543337218     
   3.5961339539694865     
   3.7110083484035297     
   12.857766263992017     
   15.051234807344189     
   10.195666394919201     
   8.2802145208789248     
   10.693159148841849     
   17.212955779674161     
   1.7894085852493951     
   8.4583225584001394     
   13.984965663570987     
   8.8700132653034203     
   14.639404428000239     
   9.4376870220547495     
   5.5480545443695206     
   17.576609775019403     
   13.940069821567111     
   2.3851520409091238     
   8.4619489181908847     
   10.295448668218256     
   3.2635615662444182     
   7.0441125765020249     
   18.069562968709590     
   8.0254676623923853     
   8.9662836947553810     
   10.346822010417819     
   11.868992254494014     
   7.9130507061663717     
   8.7623296021278954     
   8.4453855497937962     
   2.9063965199550963     
   12.935692120137425     
   5.9427900777784375     
   5.8023015257305399     
   7.2038126566382861     
   13.886195155590030     
   15.000727307990696     
   7.6194170453286034     
   15.412002659869220     
   13.240735215133970     
   12.944350548598033     
   9.1923648823377295     
   10.260237725811816     
   11.472417710295911     
   13.244602503280156     
   7.6634429527553909     
   16.248984077727290     
   7.8638903195102703     
   4.5357390403031967     
   1.7067818953476128     
   5.7876626308359516     
   3.8962928072703091     
   11.212664856477890     
   17.778639772433415     
   23.429707414385454     
   15.657324799586247     
   4.3936354184563893     
   6.9916809819350529     
   13.008015463749492     
   9.6974398758727673     
   2.6285166694844815     
   2.8071537246921650     
   11.079750686095590     
   4.0348277744327756     
   6.0339625894319440     
   6.5457720975776352     
   7.8458682512212388     
   8.4987285578829486     
   8.6241555146108144     
   3.6988806383686144     
   6.4775867920868935     
   2.1281506363314406     
   2.5600867620611223     
   14.142099818981116     
   8.7950392207568324     
   6.2995919227317554     
   9.0137706443373347     
   10.350152175210363     
   9.3078105951457388     
   5.5684518037238124     
   5.3357565388451755     
   6.1370940928737650     
   5.0439016266683394     
   4.6466899405223687     
   3.1380244808057673     
   5.5049376738977021     
   5.7145627839964526     
   10.195299512357309     
   10.346822010417828     
   3.2957890157335927     
   5.6279784993904460     
   6.5470680937812729     
   8.0830622131635739     
   12.867756758369632     
   2.6379346351152475     
   10.606574864235837     
   13.687846035975696     
   7.5647317927441753     
   2.3942063304195202     
   13.593732683143077     
   13.520469057707231     
   5.8011470686024609     
   11.375842931312292     
   10.922584805307961     
   8.9956514638030303     
   7.0178844788843167     
   18.702205474897475     
   7.7781549004396195     
   8.9181813144187050     
   2.3954986513862089     
   6.4072373567197394     
   13.724201423839149     
   11.439948603568659     
   12.415434103929293     
   11.282598317121208     
   6.8815686907164189     
   4.0592081815364880     
   8.4852603244692020     
   15.383141231667214     
   16.383670742669963     
   3.7527765897306273     
   7.6466974317298853     
   6.6142868089119062     
   3.8561379935090665     
   3.8385701666593670     
   4.0845197425551607     
   7.4926781513968876     
   10.040013044603333     
   13.632215426762173     
   9.2599619253697725     
   9.1317558831135148     
   6.9449714440273302     
   9.4177060332995133     
   5.2335393028642452     
   5.2683191298206342     
   12.006354871276795     
   16.768489785363325     
   12.468136983264994     
   8.1196823007673213     
   9.5843030773209197     
   3.8530009318547682     
   12.890236263592778     
   8.0198699171471439     
   3.8133165093512771     
   3.8385702610688353     
   13.282029258561467     
   8.7883105691172556     
   9.9247244250003455     
   5.7241837534853639     
   4.5928156704435512     
   8.6953719881429521     
   4.3292142303003427     
   4.6755520164512943     
   11.842066002267714     
   7.9008170648366711     
   11.818754848719934     
   8.6584296600949830     
   5.3682266371544234     
   12.424844840961981     
   5.0651820528599263     
   12.511432592106999     
   6.2007686939096160     
   16.411056994407403     
   7.7859276081421491     
   14.266425971235908     
   13.520469057707231     
   5.0352091663185554     
   9.3244614191084363     
   5.1517649340574145     
   9.8994698732867956     
   6.0608999224204876     
