  0.61041793711731451     
   1.3535087742696699     
  0.47958977092969912     
   6.4387948413692113     
  0.67920837182948279     
  0.62676906160852230     
   1.9885110736919334     
  0.70373125327404573     
  0.39028363328813964     
   2.2669524104261294     
   1.1212083163971103     
   6.2185798542367330     
  0.45216490377066443     
   11.085661648151811     
   1.6303257528010393     
   1.0923188852168129     
  0.72225138553367485     
   1.9158306456690846     
   2.7121105332472926     
  0.93366381243763008     
  0.94876031940895755     
   8.3023569979190786     
  0.60150705842175090     
   1.3294079227390894     
   1.8783251099577560     
   1.4066016876009746     
  0.78745618257063366     
   1.7452093750743165     
   2.5275597424098009     
   2.3214984553010183     
   7.4018095416044876     
   1.5242387632879286     
   7.7767494149496583     
   3.7445948889699427     
   1.0327160881722408     
   1.3578732166642755     
   1.2566618314507128     
   4.2449341937366665     
   2.7007515235601636     
   9.5992857436433674     
  0.83996238148844138     
   9.9337893662224381     
   7.3588946374360766     
   2.2715128514122198     
   4.9989346771930840     
   11.425883771740240     
  0.61579035025369522     
   3.6602263085083617     
   1.2317645163993336     
   4.6791534031249951     
   3.0995098449754477     
   5.2362910653222885     
   1.0995891904345740     
   2.3280114517625283     
   1.1771122932308866     
   2.7574474369503097     
   2.2122664962071101     
   8.8788756961626802     
   1.1168823612339949     
   7.9905452605231320     
   6.1990780552641196     
   7.0673605463186586     
   3.3372433645159334     
   4.8868183369300215     
  0.62704125763065000     
   4.8005822817060935     
   3.8346086133691051     
  0.84149344805919901     
   1.7415126671068155     
   1.5499545896889706     
   4.5494388506067782     
   2.2449620633328720     
   3.5029830854111235     
   1.6521703109816543     
   6.1396107704349303     
   4.6142222013890493     
   1.4802451542566157     
   1.1149550921343274     
   1.6418779058138722     
   3.1826695718593347     
   1.8646478302546223     
   3.3211082494768922     
   9.7227549483320548     
   5.1137534342268705     
   6.4724952452978108     
   3.0485628176107675     
   2.2642101821412135     
   3.1281198432723727     
   8.1468390076615744     
   2.0077705562636394     
   4.8596644329355216     
   9.9919467718686210     
   3.8050428073014175     
  0.47636381198864325     
   9.2626640942213356     
   3.4702843600151874     
   6.1282216023952110     
   6.9528502077324719     
   2.3443891379007749     
   5.3281135324057898     
   5.2811132400199599     
   8.0675041416364532     
   8.1121874282247575     
   5.2025204604712076     
   7.1419389577244257     
   5.8430474490668853     
   2.2438204571809162     
   2.3020792577459526     
   3.9882432158223322     
   5.2201470741254568     
   4.9694554267762188     
   7.5532667808493557     
   5.8228983408334267     
   7.2488507256959194     
   5.8043102905844153     
   1.9319905895632992     
   4.5489762735240902     
   2.1286535581717203     
   11.359403958937158     
   4.4517492924819351     
   10.468295359731099     
   2.5923659326709751     
   3.2155570218672258     
   6.1121316448715532     
   4.1823944800598429     
  0.68193245763617560     
   7.4689707928797544     
   8.5535389420035202     
   2.7553846220609337     
   3.7276070991123715     
   6.4160639752176891     
   3.7845284269646799     
   7.3369812633535627     
   1.7037987749863959     
   2.0562148899972197     
   1.5417904090976184     
   8.0456074329861895     
   1.8396447858375000     
   9.7970106635306333     
   1.3843854775892512     
   1.9029324413393773     
   3.8846218141963345     
   7.3200216565909306     
   5.6461825650649784     
   1.4122989108509838     
   4.4468993090372768     
   7.4383867261865397     
   1.9368233752160089     
   13.221425219127358     
   1.6730526540993151     
   5.2481660773682606     
   2.7709676503240601     
   1.9920447154418863     
   2.2657593361449493     
   6.3957869339373126     
   6.4881858788765827     
  0.82585890987568666     
   7.0342923353740847     
   9.0892553472104627     
   6.2388487324855877     
   6.9807603527866551     
   6.1052273412565725     
   4.9960363645968249     
   1.8895794102103625     
   2.1158153369971173     
   3.9731872163203334     
   9.2943238647584181     
   6.5416667815051701     
   9.6397447248547223     
   3.2064470282996380     
   4.1961006952598634     
  0.85283349125249375     
   9.5000641828697958     
   7.0811991990954848     
   9.8992904416141023     
   2.6188001577600595     
  0.73036609167525313     
   1.7968909640104671     
   3.1569386360794702     
   7.3058327176370934     
   8.8209803241099820     
   6.8943829165358785     
   5.4249779229358888     
   5.9341643168287899     
   11.088821717321704     
   1.4820702813971875     
   5.1300860506707986     
   10.138979861833235     
   6.3307583756602055     
   9.0453237988628068     
   5.0552137342267347     
   2.1229244437639281     
   10.958321019736193     
   8.4117677998616038     
   1.8669900485051785     
   5.9618130784352186     
   6.2227560297090552     
   2.7295787539702654     
   3.4811795377224919     
   11.700313174461547     
   5.7881232728339382     
   5.1778992331296356     
   6.0238005219091066     
   7.8740082794275423     
   4.8271717034594568     
   4.3958574175302632     
   5.0036514606415476     
   2.3000066486567414     
   7.7404420547302539     
   4.5620493167485172     
   2.9896074331706952     
   4.9434416497199525     
   8.6461686976467806     
   9.5217332673917152     
   5.0332315029400823     
   9.5061780639328575     
   8.3980400643875370     
   7.6496529033181986     
   5.9033256093320219     
   5.8461563067378863     
   6.8233667220306016     
   9.1579461030483458     
   5.1895265568253741     
   10.662503875919446     
   4.1772279200301474     
   2.8983117134704748     
  0.70481892221831077     
   4.3537548960425676     
  0.85836979690696025     
   6.5617285313925215     
   11.167930413439588     
   15.625655110912541     
   9.1925020408125455     
   2.7431185885306517     
   4.3182243760233137     
   8.2467041774562020     
   5.5140291588162800     
   1.5367780658397296     
   1.5942074229596375     
   7.7297903499367315     
   2.3387251602082082     
   2.5778151419368687     
   5.3087372604502532     
   4.8330001075660620     
   4.3416525067248868     
   5.9074811724330880     
   1.8904056682086501     
   3.6144915122500336     
   1.1678231527790501     
   1.3150932934249715     
   8.3066218863421639     
   5.1835723887037792     
   4.5000424168863553     
   6.1216979751649374     
   5.7374909761100481     
   4.9221977237205152     
   2.4971829494319104     
   2.2322542585330307     
   4.1301672904349100     
   3.1766540910394410     
   1.7062062783903489     
   1.7638785900874958     
   2.8934302780887293     
   2.3370789290137441     
   5.6571528239032487     
   5.7283471848146919     
   1.9475913713314501     
   3.3101812875723282     
   4.0672025706358985     
   5.2686317539151162     
   7.5717644372280830     
   1.6831105477336163     
   6.0205714151216689     
   9.1366581284301986     
   4.2583826713953190     
   1.2237670890223373     
   8.0867027878013822     
   8.0703510211204161     
   2.2471476522235911     
   6.3706805924015706     
   7.2868704824593999     
   5.2661119563828578     
   4.0399478135144680     
   12.025156823991654     
   3.3661091023451584     
   4.9776247392419943     
  0.75239704012933029     
   3.6780362894781717     
   9.1579986357067522     
   6.8552501882640877     
   8.3329332943668568     
   6.3470928851707251     
   3.9798462758922248     
   1.9937233542372006     
   5.1571045921940186     
   9.4359612564451218     
   10.786827179380040     
   1.5375122769274168     
   5.0102390424049785     
   3.5499732301923972     
   1.6998714383923741     
   1.4020446236920843     
   1.7085419642923589     
   4.1734626780924700     
   6.2835202706387960     
   8.5361380508900560     
   5.5173100786437184     
   5.1564270801423744     
   3.7190066462291007     
   5.2081944897424366     
   2.2974696251021123     
   1.7689833541854230     
   7.3444468182026821     
   9.6040013272576985     
   7.4482870648990493     
   4.7410683730919256     
   5.3985693146993805     
   1.0937854851181790     
   7.9018489303903685     
   4.1839074588451588     
  0.94767486973182502     
   1.1338845028736766     
   8.0268211714443645     
   4.4970408145728245     
   5.6293121262138826     
   2.3799823382790493     
   1.6993071822415113     
   4.8181304006013406     
   1.1991343266038079     
   1.8573865216531353     
   6.8034439556585493     
   4.2655763820206376     
   6.5028876664968029     
   5.0168584591845384     
   1.9893910642683483     
   6.8745041442729677     
   1.9806220183421377     
   7.1880450420826074     
   2.1698426309188505     
   10.020095704030439     
   3.5292717799905486     
   8.2461119271990668     
   7.8888670917844390     
   1.9312385259537790     
   4.4211445796030588     
   1.4131669942168510     
   5.0332876392155619     
   2.3656490244446631     
