   15.348282303309068     
   9.3853886630289161     
   10.758555972428260     
   1.8434086021505371     
   10.898231217842712     
   3.6000290883855928     
   13.205043971784914     
   3.0899075520833339     
   6.5861279456418176     
   1.6918124999999997     
   1.4879197530864197     
   2.6552057291666662     
   7.7804881046027008     
   2.8352346491228073     
   2.3135897435897439     
   11.166041343401556     
   7.5982597841146742     
   1.4963417094017093     
   5.5871585648148159     
   2.9722924053030297     
   8.4071625423464198     
   2.3668823663975256     
   3.5323374074074079     
   3.2518075102880650     
   2.9422826086956522     
   1.4046794871794870     
   5.9099152917783968     
   1.5038333333333334     
   2.0409166666666665     
   7.4250124600894010     
   1.7808552631578949     
  0.75191666666666646     
   1.3964166666666666     
   1.5038333333333334     
   1.2890000000000001     
   3.5306625683060111     
   1.9040470430107526     
   1.3964166666666666     
   1.8797916666666667     
   9.3307845555555531     
   1.5038333333333334     
   1.6999855072463768     
   1.8204298245614039     
   3.8744827086461164     
   6.4233353727144857     
   1.7544722222222215     
   1.8204298245614037     
   1.5038333333333334     
   1.4754872685185187     
   1.5038333333333331     
   1.4046794871794870     
   2.4163170149129867     
   2.0248345103578154     
   2.4386486486486478     
   2.0051111111111108     
   14.244446306703288     
   6.5358910256410265     
   5.8181326131367523     
   2.1410620512820517     
   5.5170887712688925     
   2.3810694444444445     
   3.3643450854700863     
   1.4963417094017095     
   1.8095576923076919     
   5.5267161427145703     
   1.1278750000000002     
   3.5255995895139467     
   1.9461372549019607     
   2.1821793808734098     
   1.3964166666666666     
   1.6867530193236713     
   1.4754872685185183     
   2.2149169520547947     
   1.1057598039215684     
   2.7570277777777776     
   1.5038333333333336     
  0.78772222222222232     
   2.0051111111111117     
   1.5038333333333334     
   1.9673098360655727     
   1.5949747474747471     
   2.2557499999999999     
   1.6588336988304093     
   1.5038333333333331     
   3.8316850233672053     
   1.7452381578947369     
   2.0409166666666665     
   1.7348985185185184     
   1.5038333333333336     
   1.4046794871794872     
   1.5639866666666660     
   1.5038333333333334     
   2.7244103881278532     
   1.2663859649122808     
   2.2851901234567906     
   1.5038333333333331     
   1.6709259259259261     
   1.4046794871794874     
   1.5038333333333334     
   1.8044508101851853     
   1.5858606060606053     
   1.8540410958904106     
   1.8753159722222223     
   2.4907239583333336     
   1.2889999999999999     
   3.3906212773515199     
   1.3964166666666669     
   1.2030666666666661     
   2.4729703703703696     
   1.7544722222222222     
   2.0289814814814813     
   1.4835954106280194     
   1.5038333333333329     
   1.6918125000000002     
   4.7583980157545884     
   1.5539611111111107     
   1.7759555555555555     
   1.6807549019607837     
   4.5891518643028384     
   3.7125348333333319     
   5.7537517714797808     
   1.5038333333333336     
   4.6528860398860399     
   1.2889999999999995     
   2.0506818181818178     
  0.75191666666666701     
   1.7658648360498965     
   1.6482804824561403     
   1.8375473927875245     
   1.5949747237526779     
   1.6847292270531393     
   1.4879197530864192     
   4.3027546799244538     
   1.2890000000000001     
   5.9025458578598498     
   1.5038333333333336     
   1.7231423380433382     
   0.0000000000000000     
   1.5038333333333334     
   1.5038333333333327     
   1.3964166666666666     
   1.2890000000000001     
   1.6642422222222233     
   1.5038333333333331     
   1.9708670008354203     
   1.5038333333333349     
  0.52514814814814814     
   3.2675603090587022     
   1.7126990740740755     
   1.4046794871794872     
   1.4046794871794872     
   1.4675503703703705     
   1.5038333333333325     
   1.8260833333333324     
  0.62227587395957140     
   1.5038333333333336     
   1.5038333333333336     
   1.4939009703196342     
   3.1377021907017015     
   8.9287701515830413     
   3.1580499999999994     
   2.8605339400834300     
   1.8797916666666670     
   1.2890000000000006     
   1.4916958568738230     
   1.7881401326699835     
   1.5038333333333331     
   1.4675503703703705     
   2.8962712631458905     
   1.8388141975308638     
   1.5038333024691397     
   1.5038333333333336     
   1.3964166666666666     
   1.5038333333333336     
  0.80975641025641021     
   1.4046794871794863     
   1.5038333333333327     
   2.9840215036984326     
   1.5905929185157823     
   1.7482659259259261     
   2.2702099201799797     
   1.5038333333333320     
   1.4675503703703705     
   2.0440033477699604     
   1.5038333333333327     
   1.5038333333333336     
   1.4886686274509799     
   1.9179323671497568     
   1.5038333333333354     
   1.8501107456140367     
   3.1792297228651099     
   1.5038333333333336     
   2.3554547008547013     
   1.6986155555555553     
   1.7210537152263512     
   1.4879197530864197     
   1.4754872685185179     
   1.6857486559139789     
   1.5038333333333336     
   1.3964166666666671     
   1.5038333333333327     
   1.5873796296296294     
   1.5038333333333331     
   1.5038333333333336     
   1.5038333333333322     
   1.8470204802259880     
   1.5038333333333327     
   1.6365245098039238     
   2.2616931158925633     
   1.8675385359744989     
   1.5038333333333331     
   1.2889999999999995     
   1.5038333333333338     
   1.2889999999999995     
   2.7489867804090116     
   1.5038333333333354     
   1.5038333333333345     
   1.5038333333333336     
   5.8315311762833248     
   4.9784797758694967     
   1.5038332923976676     
   3.0527816095833420     
   2.8668314814814813     
   2.1354432841666657     
   1.8123119658119653     
   1.5038333333333316     
   1.5851417824074063     
   3.1079222222222218     
   2.0453923611111100     
  0.23744737534626048     
   2.9873446840759685     
   1.2890000000000006     
   1.6048845679012329     
   1.6765709398587776     
   1.5940633268000000     
   1.5038333333333336     
   1.5038333333333336     
   2.7100329861111137     
  0.93989583333333016     
   1.8647533333334079     
   2.6205570141108416     
  0.82240885416666620     
   3.1291884468421567     
   1.5038333333333325     
   1.5038333333333336     
   1.5038333333333336     
   1.5038333333333327     
   1.6008550572320579     
   1.5038333333333336     
   2.0202375840427114     
   1.5685143392299696     
   1.3964166666666671     
  0.65166107962963027     
   1.2890000000000006     
   1.5038333333333871     
   1.5038333333333329     
  0.26186153581182015     
   1.5038333333333336     
   1.5038333333333318     
   2.8572833333333327     
   1.3964166666666662     
   1.5038332709447571     
   1.5038333333333325     
   2.0988651308816437     
   1.5038333333333340     
   1.5038333333333336     
   1.5038333333333336     
   2.0259973505015694     
   1.4939010507561237     
   1.5851418055556661     
   1.5038332608695815     
   1.8095576923076924     
   2.0922897747322162     
   2.3942612022449352     
   1.5038333333333354     
   1.5038333333333340     
   1.5038333333334357     
   2.8803854270266589     
   1.6355290366782640     
   1.9101485031156518     
   2.2230580959882467     
   3.5961228833229137     
   1.3694328467117129     
   1.8382776315229195     
   1.6745582986476037     
   1.5038332407407708     
   1.6621315150816243     
   1.4675503703705444     
   1.9787279809172655     
   1.5038333333333318     
   2.7988006352880985     
   1.5038332407407684     
   1.2890000000000006     
   1.5038333333337945     
   1.3367407304526739     
   1.4675503703703705     
   1.5038332291666983     
   1.9737810394965898     
   1.5038333333333318     
   1.5038333333333318     
   1.5851416905985152     
   2.8907017121400522     
  0.33418521399177181     
   1.5038333333333327     
   1.3964166666666662     
   1.5038329166666120     
   1.2890000000000006     
   1.5038331250000874     
   1.5038316666666673     
   1.5038329166667825     
   1.4046791370810126     
   1.5038333333333300     
   1.3964166666666662     
   1.3964166666666662     
   2.0409166666666656     
   1.5038333333333336     
