   1.5034966013584019        1.3136923322883995     
   3.0072739152955341        2.9276992010968805     
   4.5110359935205429        5.4174342937364948     
   6.0147767659757925        7.9940713652849960     
   7.5184868090717272        10.405143012658229     
   9.0221508498023564        12.280811280632394     
   10.525742800338413        13.520450243654830     

   1.5038333333333334        4.0785386666666605     

   1.5034966013584019        5.3405510736677266     
   3.0072739152955341        9.2546536270566957     
   4.5110359935205429        11.382002807775383     
   6.0147767659757925        13.755448616580301     
   7.5184868090717272        14.123805971518987     
   9.0221508498023564        13.018168407114628     
   10.525742800338413        12.799900020304557     

   1.5034966013584019       0.64683799999999947     
   3.0072739152955341        1.2197493162705659     
   4.5110359935205429        1.5890232073434092     
   6.0147767659757925        2.4024382020725419     
   7.5184868090717272        3.7602725949367111     
   9.0221508498023564        4.8687389367588958     
   10.525742800338413        5.9574861218274027     

   1.5038333333333329        117.59913974117647     
   3.0076666666666658        199.16222362962958     
   4.5114999999999981        228.50874329999999     
   6.0153333333333316        555.90431569230770     
   7.5191666666666670        1342.1041493333330     

   1.5034966013584019        1.7886864545454551     
   3.0072739152955341        2.2032644808043864     
   4.5110359935205429        2.6395085637148954     
   6.0147767659757925        4.0076226917098356     
   7.5184868090717272        5.0682205316455606     
   9.0221508498023564        6.0778024782608657     
   10.525742800338413        8.2281720558375468     

   1.5034966013584019        1.3474607163009398     
   3.0072739152955341        1.5193417678244945     
   4.5110359935205429        1.5582142419006448     
   6.0147767659757925        1.8451729896373075     
   7.5184868090717272        1.8438960253164576     
   9.0221508498023564        1.9854933043478251     
   10.525742800338413        2.1398240812182716     

   1.5034966013584019        11.075380260188059     
   3.0072739152955341        34.796704007312542     
   4.5110359935205429        63.596444008639331     
   6.0147767659757925        96.119684839378138     
   7.5184868090717272        136.87145821202500     
   9.0221508498023564        182.86044208300396     
   10.525742800338413        229.68311588832492     

   1.5034966013584019        1.7939241316614480     
   3.0072739152955341        2.4212799049360147     
   4.5110359935205429        3.1550653736501082     
   6.0147767659757925        3.9126411062176190     
   7.5184868090717272        5.5054008069620313     
   9.0221508498023564        7.7724385533596774     
   10.525742800338413        9.6081331472081182     

   1.5038333333333331       0.55150179999999827     

   1.5034966013584019       0.49690555799373037     
   3.0072739152955341       0.69184995612431277     
   4.5110359935205429        1.2306079330453559     
   6.0147767659757925        2.0026334248704707     
   7.5184868090717272        2.9325958670886059     
   9.0221508498023564        4.2584578735177896     
   10.525742800338413        5.4515300152284265     

   1.5038333333333329        11.476922877777760     
   3.0076666666666658        31.088802172413722     
   4.5114999999999981        66.750188969696922     
   6.0153333333333316        118.19582079999981     
   7.5191666666666661        158.35538475000007     

   1.5034966013584019        3.6165754655172315     
   3.0072739152955341        8.1624928848263067     
   4.5110359935205429        13.984447205183587     
   6.0147767659757925        20.862717411917096     
   7.5184868090717272        29.727426816455694     
   9.0221508498023564        39.058713379446601     
   10.525742800338413        47.817822025380700     

   1.5038333333333329        80.911637037037053     
   3.0076666666666658        218.77896089999996     
   4.5114999999999990        478.74580200000003     
   6.0153333333333334        653.21172700000000     

   1.5034966013584019       0.65132845454545452     
   3.0072739152955341        1.1055370822669135     
   4.5110359935205429        1.4960402829373629     
   6.0147767659757925        1.9342216269430053     
   7.5184868090717272        2.8529318829113919     
   9.0221508498023564        3.6262897154150178     
   10.525742800338413        4.1216967614213154     

   1.5038333333333336        160.55433600000018     

   1.5038333333333336        4.0118390000000463     

   1.4940681818181816        295.04454800000019     
   2.9808124999999999        952.87719825000033     
   4.2966666666666669        1697.2337040000009     

   1.5038333333333329        9.2959193777777767     
   3.0076666666666658        18.919009034482766     
   4.5114999999999981        24.000281848484839     
   6.0153333333333316        28.152130800000009     
   7.5191666666666661        32.579825750000012     

   1.5034966013584019        4.6052538181818203     
   3.0072739152955341        9.3823284186471696     
   4.5110359935205429        14.312705548596117     
   6.0147767659757925        20.012596878238334     
   7.5184868090717272        29.111975930379732     
   9.0221508498023564        39.445513889328055     
   10.525742800338413        47.549286873096392     

   1.5034966013584019        1.5316485940438864     
   3.0072739152955341        2.2059472212065829     
   4.5110359935205429        3.4343104773218118     
   6.0147767659757925        4.8949152202072543     
   7.5184868090717272        6.2929518259493618     
   9.0221508498023564        7.0262498181818192     
   10.525742800338413        7.4786543654822388     

   1.4946914893617016        12.370908574468078     
   2.9904799999999994        26.520726479999990     
   4.4685333333333332        37.652061400000015     
   5.8005000000000004        65.496128999999939     

   1.4608666666666665        19.821329599999991     
   2.7928333333333328        28.872662500000025     

   1.5034966013584019        2.2399390940438937     
   3.0072739152955341        4.4172120127970755     
   4.5110359935205429        7.8420353326134098     
   6.0147767659757925        11.001918437823859     
   7.5184868090717272        12.719339651898750     
   9.0221508498023564        14.898601055335957     
   10.525742800338413        17.712766187817238     

   1.5034966013584019        2.8986377068965568     
   3.0072739152955341        6.2101983455210226     
   4.5110359935205429        11.029232697624186     
   6.0147767659757925        15.165406870466272     
   7.5184868090717272        20.973552772151873     
   9.0221508498023564        27.394419051383387     
   10.525742800338413        32.514219695431436     

   1.5008075117370885        164.12711025352095     
   3.0026705426356575        609.37066123255772     
   4.5017348484848467        1246.4690119999996     
   5.9884791666666661        1857.2110341249986     
   7.3043333333333331        2314.2875209999979     

   1.5034966013584019        1.0239914388714746     
   3.0072739152955341        1.6387441535649010     
   4.5110359935205429        2.1200829719222507     
   6.0147767659757925        2.4505060466321313     
   7.5184868090717272        2.4671688829113947     
   9.0221508498023564        2.1367678498023723     
   10.525742800338413        1.7787559746192880     

   1.5024337676438617        5.3725457296416934     
   3.0059129251700649        6.0752922489796042     
   4.5092385964912154        7.4512313947368503     
   6.0123075117371050        9.1561672183098537     
   7.5149125412541338        13.051121643564363     
   9.0165870646766244        14.949675149253746     
   10.516091666666672        17.092540750000001     

   1.5031534810126539        12.232665297468344     
   3.0068175230566494        38.231628379446676     
   4.5104094754652984        75.243618350253783     
   6.0138817567567733        111.12107864864868     
   7.5171399371069274        151.72939629245286     
   9.0199741784037624        190.50414785915484     
   10.521837209302332        230.31077637209290     

   1.5034966013584019        5.9587683965517177     
   3.0072739152955341        9.6823621809872051     
   4.5110359935205429        13.659619606911422     
   6.0147767659757925        14.547178805699492     
   7.5184868090717272        15.749481822784800     
   9.0221508498023564        16.715194415019770     
   10.525742800338413        16.462016847715770     

   1.5038333333333336        10.737118500000001     

   1.5034966013584019        1.8485171598746113     
   3.0072739152955341        2.9153774424131660     
   4.5110359935205429        3.2054554557235444     
   6.0147767659757925        4.2342903056994921     
   7.5184868090717272        5.5862568987341730     
   9.0221508498023564        5.7026514584980177     
   10.525742800338413        6.5521082690355472     

   1.5038333333333331        126.53134974999998     

   1.5038333333333331        17.237541750000069     

   1.5038333333333391        12.921335267857138     
   3.0076666666666729        30.735014845528465     
   4.5115000000000061        56.290753388235274     
   6.0153333333333316        64.348566481481498     
   7.5191666666666688        59.140782333333313     
   9.0229999999999979        54.139769076923088     
   10.526833333333334        54.859799000000066     

   1.5038333333333331        16.002696600000032     

   1.5038333333333262        31.443384734643729     
   3.0076666666666561        46.105651328358242     
   4.5114999999999963        62.825736229629655     
   6.0153333333333325        76.239621462264182     
   7.5191666666666865        109.80185474534167     
   9.0230000000000121        147.38792438461542     
   10.526833333333339        182.09207592500019     

   1.5038333333333329        13.427395700000011     
   3.0076666666666658        24.284404629629645     
   4.5114999999999981        45.279608363636392     
   6.0153333333333334        89.826301000000058     

   1.4608666666666665        118.68467429999995     
   2.7928333333333328        373.08334499999944     

   1.5034966013584019        9.9670035673980930     
   3.0072739152955341        15.582298617915891     
   4.5110359935205429        24.445905701943826     
   6.0147767659757925        33.641654660621704     
   7.5184868090717272        44.064122015822740     
   9.0221508498023564        50.314130114624533     
   10.525742800338413        70.736549675126824     

   1.5038333333333336        1.5206300000000019     

   1.5038333333333329        138.45956469230771     
   3.0076666666666658        420.01587633333332     

   1.4769791666666663        30.860124000000003     
   2.7928333333333333        101.64020100000005     

   1.5038333333333331        41.492828250000080     

   1.5038333333333327        2.9508450000000037     
   3.0076666666666658        3.5371800666666626     
   4.5114999999999998        4.9956707500000013     

   1.5017373983739861        5.1273169200975586     
   3.0048946236559249        9.1497016566451705     
   4.5076636904761980        10.558800635714283     
   6.0096798245614016        12.235710122236835     
   7.5100248226950326        19.015092603829789     
   9.0058133333333306        31.511966240400014     
   10.483866666666668        48.194507886000054     

   1.5038333333333329        4.5810738000000031     
   3.0076666666666663        1.3348942499999943     

   1.5038333333333327        47.471255555555537     
   3.0076666666666658        140.34768258823519     
   4.5114999999999998        284.76050939999993     

   1.5038333333333329        18.255113259259261     
   3.0076666666666658        19.123142454545459     
   4.5114999999999998        11.030202500000014     

   1.4769791666666663        165.82345825000010     
   2.7928333333333333        521.72944099999961     

   1.4940681818181816        2.2150542368181791     
   2.9808124999999999        3.7840067225000040     
   4.2966666666666669        2.2068699600000161     

   1.5038333333333329        246.42451438461541     
   3.0076666666666658        610.69700999999986     

   1.4424523809523808        143.70418814285702     
   2.5780000000000003        270.42489999999987     

   1.5038333333333302        15.745493572390581     
   3.0076666666666649        39.415953978813576     
   4.5114999999999883        68.822354192307728     
   6.0153333333333485        90.342519977777670     
   7.5191666666666723        104.94111198947371     
   9.0230000000000050        109.29657191935486     
   10.526833333333338        108.58423241666668     

   1.5038333333333336        2.8454395000000074     

   1.5038333333333329        53.225160176470567     
   3.0076666666666658        149.41425970370369     
   4.5114999999999981        300.69724056666661     
   6.0153333333333316        403.93701769230751     
   7.5191666666666670        377.45325099999928     

   1.5038333333333331        534.57397079999976     

   1.4769791666666663        377.30733849999996     
   2.7928333333333333        824.97965600000032     

   1.4866466666666662       0.87134400000000145     
   2.9646999999999992        2.7351889000000078     
   4.2966666666666669        3.4438930000000156     

   1.5038333333333336        140.11863699999958     

   1.5038333333333329        21.863504090909071     
   3.0076666666666663        18.992358500000027     

   1.5038333333333254        4.3431913386363616     
   3.0076666666666543        6.2152814219178278     
   4.5115000000000025        8.9511665959596201     
   6.0153333333333245        9.6069963389830626     
   7.5191666666666883        12.389037247252773     
   9.0229999999999979        15.241148955555582     
   10.526833333333341        15.889124463157906     

   1.4424523809523808        57.114520428571396     
   2.5780000000000003        108.30410400000008     

   1.5038333333333329        39.885541060000079     
   3.0076666666666658        67.089228333333423     
   4.5114999999999981        91.665928000000022     
   6.0153333333333334        105.82333399999985     

   1.5038333333333331        144.49372563200004     

   1.5038333333333336        1.7688844999999858     

   1.5038333333333327        57.788843083333369     
   3.0076666666666658        198.49636100000012     
   4.5114999999999998        463.06632020000018     

   1.5038333333333329        3.2041292037037103     
   3.0076666666666658        4.8052497000000001     
   4.5114999999999990        3.8173240769230770     
   6.0153333333333334        5.5838880000000053     

   1.5034966013584019        14.249474887147306     
   3.0072739152955341        28.198738979890265     
   4.5110359935205429        37.951914907127438     
   6.0147767659757925        39.962730974093319     
   7.5184868090717272        41.656423325949483     
   9.0221508498023564        40.889994830039512     
   10.525742800338413        41.376674984771675     

   1.5038333333333331        25.830718800000021     

   1.5038333333333249        5.3170746893003997     
   3.0076666666666521        9.8560958476658502     
   4.5115000000000105        17.051404519403004     
   6.0153333333333112        20.430333592592611     
   7.5191666666666910        20.143882561320776     
   9.0229999999999855        27.722521279503120     
   10.526833333333341        37.968980435897436     

   1.5038333333333329        13.485963538461506     
   3.0076666666666658        30.095283666666646     

   1.5038333333333327        21.736111388888911     
   3.0076666666666658        35.520296117647092     
   4.5114999999999998        47.994762600000037     

   1.5038333333333329        180.88628606666668     
   3.0076666666666658        717.56097569230781     
   4.5115000000000007        1310.3984483333327     

   1.4769791666666663        2.6484348812499969     
   2.7928333333333333        8.1489144100000406     

   1.4866466666666662        169.17184336000000     
   2.9646999999999992        476.49640390000002     
   4.2966666666666669        722.66144249999957     

   1.5038333333333336        162.06555500000010     

   1.5038333333333327        111.96603336363641     
   3.0076666666666658        224.21054873333338     
   4.5114999999999998        266.22402624999972     

   1.4608666666666665        102.79027390000003     
   2.7928333333333328        319.89129399999979     

   1.5030302180685271        25.872637599999983     
   3.0067160766961494        62.861655287610589     
   4.5103572695035616        120.47488809840428     
   6.0139337676438434        203.42331748208423     
   7.5174129251700936        302.14124273469440     
   9.0207385964912028        429.22624032105244     
   10.523807511737095        573.33845727464791     

   1.4995792079207932        45.451978643564409     
   3.0012537313432825        118.20123829850745     
   4.5007583333333328        222.48513355000006     
   5.9938499999999983        416.47308720000001     
   7.4577857142857136        748.80407457142860     
   8.5933333333333337        910.24130899999943     

   1.5034966013584019        1.1174622288401241     
   3.0072739152955341        1.8149015521023719     
   4.5110359935205429        2.1916326133909236     
   6.0147767659757925        2.2116966528497439     
   7.5184868090717272        2.8005632974683525     
   9.0221508498023564        3.4773762727272644     
   10.525742800338413        4.3008281015228462     

   1.5038333333333358        41.291593316239307     
   3.0076666666666654        65.876347262500019     
   4.5115000000000007        94.948494919999916     
   6.0153333333333316        143.75429707407406     
   7.5191666666666661        108.63905081818180     
   9.0229999999999997        163.61283799999910     

   1.5038333333333329        27.332204277692334     
   3.0076666666666658        56.426123256666735     

   1.5038333333333334        21.540971333333307     

   1.5034966013584019        2.0620185313479658     
   3.0072739152955341        3.6510850018281555     
   4.5110359935205429        3.5171127473002040     
   6.0147767659757925        4.3100891321243413     
   7.5184868090717272        5.8572155316455623     
   9.0221508498023564        7.8747958458498051     
   10.525742800338413        9.7632902233502534     

   1.5038333333333294        5.5063514238805942     
   3.0076666666666636        10.202369759259266     
   4.5114999999999839        13.379598316037763     
   6.0153333333333530        18.949822310559043     
   7.5191666666666785        24.848506076923073     
   9.0230000000000121        31.074636462500031     
   10.526833333333338        40.637428139999997     

   1.5034966013584019        7.9671600689654953     
   3.0072739152955341        16.115118718464380     
   4.5110359935205429        24.306253676025911     
   6.0147767659757925        35.259595455958589     
   7.5184868090717272        40.517707955696224     
   9.0221508498023564        51.621562581027803     
   10.525742800338413        67.342897857868053     

   1.5038333333333331        181.01683700000012     

   1.5008075117370885        38.037353267605589     
   3.0026705426356575        102.97097009302320     
   4.5017348484848467        198.05164213636354     
   5.9884791666666661        253.69314699999987     
   7.3043333333333331        211.99950000000027     

   1.5031458639999904        49.899884273599973     
   3.0068635482865869        89.159064996261989     
   4.5105494063422071        98.301813457964343     
   6.0141905984042250        115.09883164627676     
   7.5177670955483187        125.24099200977184     
   9.0212462517006600        139.52844014285714     
   10.524571921052639        167.15618398421046     

   1.5038333333333329        186.23389850000001     

   1.5038333333333371        38.470105108527200     
   3.0076666666666667        87.594526011111100     
   4.5115000000000025        116.55594108620697     
   6.0153333333333325        142.60350763636367     
   7.5191666666666661        207.98342920000005     
   9.0229999999999997        310.00747250000018     

   1.5038333333333329        244.08903400000000     

   1.5038333333333329        7.2179024193548482     
   3.0076666666666658        10.860129999999991     
   4.5114999999999981        16.102878411764678     
   6.0153333333333325        25.891735599999969     

   1.5008075117370887        90.291671267605622     
   3.0026705426356588        83.885218325581377     
   4.5017348484848476        109.81435945454545     
   5.9884791666666661        261.22888924999995     
   7.3043333333333331        474.79027600000040     

   1.4608666666666665        55.711426800000005     
   2.7928333333333333        145.81425499999997     

   1.5015719298245644        5.2075730736842107     
   3.0046408450704307        11.807631838028181     
   4.5072458745874666        19.092738851485144     
   6.0089203980099484        25.734749223880598     
   7.5084249999999999        36.817018099999991     
   9.0015166666666637        40.079766949999978     
   10.465452380952383        43.651438142857124     

   1.5038333333333327        4.2350905271999997     
   3.0076666666666654        6.4355835785185143     
   4.5114999999999990        4.6867527345454443     
   6.0153333333333325        12.467260124999981     

   1.5038333333333329        9.5107405454545404     
   3.0076666666666663        21.874415999999993     

   1.5021933842239177        21.125203030534347     
   3.0055707317073210        43.500300819512226     
   4.5087279569892420        64.562811838709663     
   6.0114970238095333        83.053459410714268     
   7.5135131578947343        97.968756249999913     
   9.0138581560283715        133.74821791489362     
   10.509646666666667        224.54287320000003     

   1.5038333333333329        10.452608466666652     
   3.0076666666666658        23.531603923076940     
   4.5114999999999990        64.599418000000227     

   1.4981798245614035        31.532731313421085     
   2.9985248226950350        91.730128017446816     
   4.4943133333333316        184.80592161680005     
   5.9723666666666659        319.09941496200003     
   7.3043333333333331        457.40198701000003     

   1.5038333333333334        40.296333999999938     

   1.4769791666666667        225.29765637500054     
   2.7928333333333333        559.50035600000115     

   1.4930916666666660        77.222372775000025     
   2.9861833333333325        150.81293655000013     
   4.4501190476190473        315.97194228571453     
   5.5856666666666666        474.30972900000103     

   1.4866466666666662        107.68255392000010     
   2.9646999999999992        251.20218840000013     
   4.2966666666666669        363.24885299999931     

   1.5038333333333334        13.245792750000010     

   1.4988372093023252        22.178434093023263     
   2.9979015151515145        43.495601409090909     
   4.4846458333333334        19.139096749999990     
   5.8004999999999995        26.239528999999770     

   1.5038333333333327        12.575446233333327     
   3.0076666666666658        18.113401923076953     
   4.5114999999999990        19.748360666666692     

   1.5038333333333336        19.927293222222200     
   3.0076666666666658        48.480038233333339     
   4.5114999999999990        110.01287523076923     
   6.0153333333333334        274.66433999999998     

   1.5038333333333327        163.00545506666671     
   3.0076666666666667        532.66126099999974     

   1.4940681818181814        10.051543590909136     
   2.9808124999999999        9.1980614999999961     
   4.2966666666666669        34.447660999999911     

   1.5038333333333334        89.408613499999987     

   1.5038333333333331        384.58322449999957     

   1.5038333333333327        47.803034333333386     
   3.0076666666666658        82.035111866666767     
   4.5114999999999990        121.85917915384628     
   6.0153333333333334        298.59300033333380     

   1.5038333333333334        81.225764799999979     

   1.5038333333333327        266.44391373333337     
   3.0076666666666663        802.28247625000040     

   1.5038333333333334        14.366673200000019     

   1.5038333333333302        79.818815222222185     
   3.0076666666666654        180.75509300847466     
   4.5114999999999883        274.14391051098903     
   6.0153333333333432        343.58164482962945     
   7.5191666666666723        392.52824556842137     
   9.0230000000000015        427.14632364516132     
   10.526833333333336        470.84792772222238     

   1.5034405819622099       0.76905593692870045     
   3.0072026601871711        1.0084994895248369     
   4.5109434326425033        1.8736918836269392     
   6.0146534757383758        2.6092965202215193     
   7.5183175164690628        3.9658911168774695     
   9.0219094670050524        5.0432817667005132     
   10.525381745495501        6.6542710377702692     

   1.5038333333333331        182.95990853684194     
   3.0076666666666658        606.87869554838687     
   4.5115000000000007        1405.0230026111108     
   6.0153333333333316        2421.5867236470585     
   7.5191666666666652        3706.3521310000010     

   1.5038333333333329        18.397340181818173     
   3.0076666666666663        27.751222999999946     

   1.5038333333333331        1.2179901049999891     

   1.4946914893617018        91.694295872340462     
   2.9904799999999994        170.98534447999998     
   4.4685333333333324        118.17206709999985     
   5.8004999999999995        162.07380799999899     

   1.5038333333333334        125.79687500000000     

   1.5038333333333327        152.08407373333321     
   3.0076666666666658        378.17027350000001     

   1.5038333373205677        30.960476598612349     
   3.0076666714975735        57.533785641797039     
   4.5115000059737147        76.275863428745410     
   6.0153333409090886        67.188740925545446     
   7.5191666765873215        83.693667527499997     
   9.0230000135501420        87.666274601788544     
   10.526833352941185        98.431972044941119     

   1.5038333333333334        39.990562499999932     

   1.5038333333333349        105.25570994308943     
   3.0076666666666658        343.57985794117621     
   4.5114999999999990        636.56239761111112     
   6.0153333333333316        876.86264190000031     
   7.5191666666666643        1217.8401579230767     
   9.0229999999999979        1491.3332323333336     

   1.4769791666666663        48.722024125000004     
   2.7928333333333333        184.28170399999993     

   1.5038333333333334        135.97447699999989     

   1.4823499999999994        132.39911810000001     
   2.9462857142857137        467.82483799999966     
   4.0818333333333330        689.10211599999923     

   1.5038333333333329        166.70043813333339     
   3.0076666666666672        576.97872525000002     

   1.4608666666666665        62.307658034999953     
   2.7928333333333333        198.92678297999964     

   1.5038333333333336        217.77084499999967     

   1.5038333333333329        112.31936796551717     
   3.0076666666666654        292.97848827272730     
   4.5114999999999990        541.02103253333314     
   6.0153333333333325        897.05167849999975     

   1.5038333333333329        74.754428909090947     
   3.0076666666666672        212.13599050000010     

   1.4988372093023250        13.033408372093028     
   2.9979015151515140        22.572390272727272     
   4.4846458333333334        19.217841749999987     
   5.8004999999999995        14.566864999999972     

   1.5038333333333334        14.392788500000018     

   1.5038333333333334        84.876861999999988     

   1.5038333333333331        16.895859722222209     
   3.0076666666666658        22.425483235294102     
   4.5114999999999998        22.928543200000057     

   1.4940681818181816        33.930321500000012     
   2.9808124999999999        79.144671000000017     
   4.2966666666666660        325.52522600000015     

   1.4608666666666665        62.780894400000044     
   2.7928333333333333        135.93873500000007     

   1.5038333333333336        70.212134407407390     
   3.0076666666666658        244.71084216666668     
   4.5114999999999990        357.46247223076909     
   6.0153333333333334        400.66368299999976     

   1.5038333333333331        200.21186600000016     

   1.5038333333333334        12.538317200000090     

   1.4608666666666665        103.62549749999985     
   2.7928333333333333        385.14233650000017     

   1.5038333333333329        97.047049200000046     
   3.0076666666666658        239.46783023076912     
   4.5115000000000007        386.92250333333322     

   1.5038333333333329        341.51822074999995     

   1.5038333333333334        22.621046499999959     

   1.4866466666666662        118.13367800000002     
   2.9646999999999992        349.77208490000010     
   4.2966666666666669        772.95315700000015     

   1.5038333333333334        249.92860766666658     

   1.5038333333333358        138.39346237888202     
   3.0076666666666716        391.52692960683754     
   4.5115000000000052        525.00636335000002     
   6.0153333333333316        580.07742234000011     
   7.5191666666666661        677.26762581481478     
   9.0229999999999979        756.10695327272731     
   10.526833333333332        893.64972599999953     

   1.5038333333333331        399.01116679999984     

   1.4988372093023252        9.1939784418604784     
   2.9979015151515145        17.190290772727320     
   4.4846458333333334        40.146232750000060     
   5.8005000000000004        48.520723999999923     

   1.4866466666666662        44.024451079999963     
   2.9646999999999997        102.87232230000004     
   4.2966666666666669        151.14941250000004     

   1.5038333333333327        11.677493925925910     
   3.0076666666666658        36.216853818181818     
   4.5114999999999998        78.241829500000051     

   1.4424523809523808        310.66861957142856     
   2.5779999999999998        565.74942499999952     

   1.5029841897233180        143.31376985770737     
   3.0065761421319834        375.19418299492366     
   4.5100484234234175        554.89853183783794     
   6.0133066037735885        663.90685308490606     
   7.5161408450704172        789.50238949295783     
   9.0180038759689936        968.51109027906966     
   10.517068181818180        1227.5766380909095     

   1.4769791666666658        284.06001312499984     
   2.7928333333333337        832.30891999999994     

   1.5038333333333320        14.790335470588255     
   3.0076666666666663        32.455869599999971     

   1.5038333333333342        25.099953037500036     
   3.0076666666666654        42.446863200000017     
   4.5114999999999998        46.371752555555574     
   6.0153333333333316        57.568489636363658     
   7.5191666666666652        80.504056500000019     

   1.5038333333333322        75.309477153846174     
   3.0076666666666667        255.51293266666676     

   1.4823499999999994        32.534246049999943     
   2.9462857142857137        72.044555428571371     
   4.0818333333333330        78.670136000000170     

   1.5038333295454478        1.4104619409090922     
   3.0076666621004460        2.5758888438356213     
   4.5114999943883287        3.3818302592592633     
   6.0153333262711852        4.8596431440678023     
   7.5191666575091789        6.4298464835164824     
   9.0229999876543214        6.8452849925925889     
   10.526833315789480        7.2176176947368447     

   1.5038333333333336        99.181259500000024     

   1.4930916666666658        128.08571442500008     
   2.9861833333333321        462.83586375000033     
   4.4501190476190473        852.84963028571451     
   5.5856666666666666        1112.9402160000011     

   1.5038333333333336        104.10839700000001     

   1.5038333333333325        143.04185866666660     
   3.0076666666666658        645.15806750000002     

   1.5038333333333325        17.541898733333309     
   3.0076666666666658        43.170961249999984     

   1.5038333333333336        104.33501866666647     

   1.5038333333333336        84.420526750000008     

   1.5038333333333336        204.45608100000013     

   1.5038333333333336        160.79420839999997     

   1.5038333333333271        138.13485658771842     
   3.0076666666666587        297.98229732166612     
   4.5114999999999812        351.85863480105263     
   6.0153333333333476        402.28844534651449     
   7.5191666666666812        489.30402289953497     
   9.0230000000000050        577.30124690933360     
   10.526833333333338        726.68966368689655     

   1.5038333333333329        35.697676750000085     

   1.5038333333333327        165.02967100000001     

   1.5038333333333340        118.37429161250004     
   3.0076666666666654        402.63459251999984     
   4.5114999999999990        656.37497433333328     
   6.0153333333333316        761.26437527272731     
   7.5191666666666670        774.37692499999991     

   1.5038333333333329        185.84648074999964     

   1.5038333333333327        2.1531524000000024     

   1.5038333333333327        2.0090315999999970     

   1.4823499999999996        27.852775150000042     
   2.9462857142857146        43.919422714285723     
   4.0818333333333330        112.73178899999988     

   1.5038333333333327        113.15458640000001     
   3.0076666666666654        270.55818538461557     
   4.5114999999999990        364.77792766666698     

   1.5032767659758144        8.0801091683937596     
   3.0069868090717202        19.400945287974661     
   4.5106508498023627        33.444202324110648     
   6.0142428003384127        50.561426010152275     
   7.5177150788288465        72.148524878378382     
   9.0209732547169956        107.19024404716980     
   10.523807488262918        141.88096956338032     

   1.5038333333333336        37.307504600000009     

   1.5038333333333336        150.21641650000015     

   1.5038333333333336        97.279642600000145     

   1.4999970238095239        9.7890323575000089     
   3.0020131578947358        23.575246366315838     
   4.5023581560283690        40.854994132765988     
   5.9981466666666652        63.958715649600002     
   7.4762000000000004        75.760247643999975     
   8.8081666666666667        122.92676122000006     

   1.5026905984042485        8.0098920984042650     
   3.0062670955483095        14.521300830618854     
   4.5097462517006672        17.198045126530598     
   6.0130719210526395        27.252434957894767     
   7.5161408333333499        44.396469021126762     
   9.0187458580858237        55.116484019801945     
   10.520420373134337        66.893682253731356     

   1.5038333333333327        128.68046205882359     
   3.0076666666666672        497.89981360000030     

   1.5038333333333318        19.265880201550392     
   3.0076666666666658        19.987369611111138     
   4.5114999999999998        25.151828655172430     
   6.0153333333333316        24.643868090909077     
   7.5191666666666661        19.792863133333338     
   9.0230000000000015        15.609695250000001     

   1.4424523809523817        192.27706714285728     
   2.5779999999999990        496.93653600000061     

   1.5038333333333347        6.0155575157894683     
   3.0076666666666663        9.2934483870967703     
   4.5115000000000007        11.305899055555555     
   6.0153333333333316        19.764213882352912     
   7.5191666666666661        12.821471999999991     

   1.5038333333333329        15.311696090909134     
   3.0076666666666667        22.623068500000052     

   1.5038333333333334        372.78089450000004     

   1.5038333333333334        23.099886999999967     

   1.5038333285024108        87.533393936811649     
   3.0076666606929474        193.28827851268778     
   4.5114999924242234        271.95938462309107     
   6.0153333234127198        357.95521554571451     
   7.5191666531165451        416.01994739414647     
   9.0229999803921714        496.15612357270567     
   10.526833302469143        627.63669862740744     

   1.5038333333333338        192.70652660162580     
   3.0076666666666658        697.74306424705844     
   4.5114999999999981        1412.1820623703709     
   6.0153333333333316        2102.5420819000001     
   7.5191666666666670        2701.3120422307688     
   9.0230000000000015        3222.3957736666671     

   1.5038333333333334        77.255581999999961     

   1.5027428087986459        79.528581208121778     
   3.0062150900900972        175.24090305405412     
   4.5094732704402585        279.41792116037732     
   6.0123075117370863        304.83555730985910     
   7.5141705426356546        324.21459918604643     
   9.0132348484848439        374.10730172727284     
   10.499979166666666        473.36466825000002     

   1.5038333285024086        6.5573688498840781     
   3.0076666606929447        12.049464937240121     
   4.5114999924242234        12.735002682136345     
   6.0153333234127118        9.7261447705357025     
   7.5191666531165442        10.386301382357709     
   9.0229999803921626        11.758700628352933     
   10.526833302469139        17.226120322037037     

   1.5038333333333336        124.29994974999997     

   1.5038333333333340        47.818518319657109     
   3.0076666666666729        172.02855295767438     
   4.5115000000000069        389.61756193266677     
   6.0153333333333316        685.31088237137874     
   7.5191666666666652        1020.6206597436366     
   9.0229999999999961        1327.0242088493333     
   10.526833333333334        1508.3294690949999     

   1.5038333333333336        124.37683475000004     

   1.4940681818181814        119.70848981818186     
   2.9808124999999990        382.42081162500006     
   4.2966666666666677        758.48819599999865     

   1.5025153323108340        7.4072541441717759     
   3.0060267111959260        22.575975217557254     
   4.5094040569105536        42.017788375609769     
   6.0125612795699039        67.751451458064494     
   7.5153303422619127        102.77481727678558     
   9.0173464692982570        142.38152382894737     
   10.517691453900714        186.98754544680850     

   1.4424523809523808        296.63422157142867     
   2.5780000000000003        673.93659700000069     

   1.5031534757383926        7.8752934082278578     
   3.0068175164690336        11.244094739130457     
   4.5104094670050623        16.637776746192934     
   6.0138817454955102        23.967189385135164     
   7.5171399213836576        38.708039688679257     
   9.0199741549295833        48.154403225352148     
   10.521837170542643        62.800490511627942     

   1.5038333333333325        73.626715636363684     
   3.0076666666666667        236.82247300000003     

   1.5024337622149784        118.14459392833908     
   3.0059129183673448        176.99900790204120     
   4.5092385877192838        197.25663517894702     
   6.0123075000000163        220.13564185211254     
   7.5149125247524831        249.55875483168305     
   9.0165870398010011        270.35458104477613     
   10.516091625000007        327.01418992500010     

   1.4424523809523808        5.6568824285714419     
   2.5780000000000003        17.649201000000005     

   1.5038333333333327        15.105843307692307     
   3.0076666666666654        8.2225369999999707     

   1.5038333333333329        98.451461325581406     
   3.0076666666666667        324.81706380000014     
   4.5114999999999998        714.30571984482731     
   6.0153333333333316        1184.1157292424243     
   7.5191666666666661        1614.2120453333337     
   9.0229999999999997        1883.0165472500000     

   1.5038333333333327        74.832665923076888     
   3.0076666666666654        29.225844666666728     

   1.5038333277216567        2.5006661818181812     
   3.0076666596045190        3.3270165381355907     
   4.5114999908424789        4.1872579999999928     
   6.0153333209876729        5.0327965037037066     
   7.5191666491228144        3.9173630631578988     
   9.0229999731182904        5.2597974516129016     
   10.526833287037041        6.0238898055555516     

   1.4769791666666681        142.34562600000001     
   2.7928333333333333        261.68249999999978     

   1.4424523809523799        144.32279799999975     
   2.5780000000000003        365.67396900000006     

   1.5038333333333351        235.93729349999981     
   3.0076666666666654        513.83389369696954     
   4.5115000000000007        781.80303986666650     
   6.0153333333333343        1154.4651115000006     

   1.5038333333333325        127.22083592307692     
   3.0076666666666667        414.01782066666669     

   1.5008075117370894        68.519223119718347     
   3.0034125412541277        187.03290068316829     
   4.5050870646766166        341.85841444776099     
   6.0045916666666646        515.83626314999992     
   7.4976833333333301        726.15739699999995     
   8.9616190476190472        960.87826842857135     
   10.097166666666665        1106.0743449999998     

   1.5038333333333336        114.68464970588241     
   3.0076666666666667        182.98879739999998     

   1.5038333333333336        60.579894000000031     

   1.4940681818181816        8.7734736818181940     
   2.9808124999999999        21.002632375000054     
   4.2966666666666669        31.288825000000159     

   1.5038333333333336        41.825008999999937     

   1.5038333273596129        10.503576802867377     
   3.0076666590909094        32.233190986363660     
   4.5114999900793533        65.371766202380996     
   6.0153333197832062        119.54593941463416     
   7.5191666470588245        183.39796564705881     
   9.0229999691358067        259.04989788888895     
   10.526833277777776        358.52656580000001     

   1.5038333333333334        43.368338242424308     
   3.0076666666666667        125.23446113333340     
   4.5115000000000016        216.54458299999999     

   1.4608666666666661        164.68680790000016     
   2.7928333333333333        624.49582050000049     

   1.4608666666666661        151.91146020000016     
   2.7928333333333333        262.74495850000073     

   1.4823499999999998        202.97651114999991     
   2.9462857142857146        327.86174742857150     
   4.0818333333333330        324.94376899999969     

   1.4866466666666662        41.919341639999992     
   2.9646999999999997        104.96633989999995     
   4.2966666666666669        161.68886199999986     

   1.4424523809523808        21.473146285714304     
   2.5779999999999990        41.293725000000144     

   1.5038333271604891        2.5294349148148125     
   3.0076666588050336        4.0688885424528278     
   4.5114999896480263        5.7398791490683241     
   6.0153333190883300        6.9841224017094072     
   7.5191666458333328        6.5913905750000010     
   9.0229999666666671        5.7602484999999959     
   10.526833271604938        6.1103182222222188     

   1.5038333333333327        214.84298218181794     
   3.0076666666666672        713.55997599999978     

   1.5038333333333331        107.63211082352954     
   3.0076666666666672        429.72930180000037     

   1.5038333333333329        97.121183000000030     

   1.5038333333333327        213.27160700000005     

   1.4988372093023246        201.95553334883726     
   2.9979015151515132        694.62371213636391     
   4.4846458333333326        1175.4739792500000     
   5.8004999999999995        989.86100899999929     

   1.5029841831357016        32.218066324110687     
   3.0065761336717478        43.139309416243719     
   4.5100484121621580        64.146321304054084     
   6.0133065880503214        70.238205688679301     
   7.5161408215962391        67.782968478873244     
   9.0180038372093012        60.478689023255832     
   10.517068106060607        48.173553409090893     

   1.5029841831357016        1.4066848496837980     
   3.0065761336717478        3.6697436901522877     
   4.5100484121621580        6.9188558861486520     
   6.0133065880503214        11.632750869245282     
   7.5161408215962391        18.159098249718326     
   9.0180038372093012        26.134731709767468     
   10.517068106060607        30.530732295909104     

   1.5038333333333358        11.509090512500011     
   3.0076666666666654        35.424729344799999     
   4.5114999999999998        60.465154389259268     
   6.0153333333333308        93.250633660000005     
   7.5191666666666670        161.54268864500023     

   1.5023817567567563        29.963014405405410     
   3.0056399371069213        42.107611858490557     
   4.5084741784037572        37.313130450704257     
   6.0103372093023246        46.788359534883746     
   7.5094015151515148        35.254960909090912     
   8.9961458333333351        34.290684250000034     
   10.311999999999999        57.245575999999929     

   1.5038333333333318        184.88207327272730     
   3.0076666666666672        433.28161700000010     

   1.4424523809523795        183.42735400000009     
   2.5780000000000012        338.26762499999978     

   1.4995792079207921        104.74763306930693     
   3.0012537313432825        400.69109452238808     
   4.5007583333333301        847.80291582500035     
   5.9938499999999966        1470.6135716500000     
   7.4577857142857145        2084.8395001428571     
   8.5933333333333319        2699.4394380000008     

   1.4981798245614051        93.163095276315701     
   2.9985248226950341        212.16834825531916     
   4.4943133333333334        374.20208471999990     
   5.9723666666666659        504.34917859999968     
   7.3043333333333322        567.42845199999988     

   1.5038333333333316        103.39177366666667     
   3.0076666666666658        301.09117949999995     

   1.4823499999999992        276.65299439999978     
   2.9462857142857146        1045.3946578571424     
   4.0818333333333339        2024.6365999999991     

   1.5038333333333331        290.71306300000032     

   1.5038333333333334        5.8824034999999943     

   1.5038333262711832        8.7694268771186508     
   3.0076666575091640        10.423945686813179     
   4.5114999876543198        15.356196251851825     
   6.0153333157894782        14.782444863157902     
   7.5191666397849399        14.693164451612892     
   9.0229999537037049        13.009157111111094     
   10.526833235294120        16.988510176470598     

   1.4940681818181816        164.19189268181810     
   2.9808124999999999        203.64946762500009     
   4.2966666666666669        901.98050899999987     

   1.5038333262711832        298.30864084745815     
   3.0076666575091640        988.08789232966922     
   4.5114999876543198        1943.2586159111117     
   6.0153333157894782        3214.0598592631568     
   7.5191666397849399        4553.2465031774200     
   9.0229999537037049        5891.2940690277783     
   10.526833235294120        6878.8321478823527     

   1.5023817567567570        116.31616184459467     
   3.0056399371069218        270.88858826415088     
   4.5084741784037599        472.08643815492962     
   6.0103372093023246        730.70342269767423     
   7.5094015151515148        925.66643163636331     
   8.9961458333333333        1116.4838822499996     
   10.312000000000001        1197.0160250000004     

   1.4769791666666658        106.86671962500002     
   2.7928333333333333        219.54672500000055     

   1.5038333333333329        52.944902727272741     
   3.0076666666666667        163.65438550000005     

   1.4608666666666672        11.044058499999988     
   2.7928333333333315        27.602214500000002     

   1.4608666666666672        337.36107049999998     
   2.7928333333333315        825.13894250000021     

   1.5038333333333316        158.34787338461547     
   3.0076666666666654        525.14288300000010     

   1.5038333260233891        14.024485728070182     
   3.0076666571428663        23.792080605714329     
   4.5114999870801045        32.023655046511621     
   6.0153333148148151        33.454893655555551     
   7.5191666379310309        37.285944068965570     
   9.0229999494949489        41.004470333333316     
   10.526833222222223        50.939024666666604     

   1.5038333333333318        271.82671639999995     

   1.5038333333333318        243.24604580000010     

   1.5038333333333331        94.471939999999989     

   1.5038333333333338        22.641934200000009     

   1.5038333333333338        128.89519424999997     

   1.5038333257575744        107.69766160909086     
   3.0076666567460397        262.59005114880978     
   4.5114999864498655        394.79510243089447     
   6.0153333137254883        507.24897042352984     
   7.5191666358024625        639.75503612962973     
   9.0229999444444413        672.60727576666693     
   10.526832948717946        475.44099923076925     

   1.4823499999999989        84.768452049999979     
   2.9462857142857146        140.09915457142853     
   4.0818333333333339        72.501424999999799     

   1.5038333333333338        69.083559800000074     

   1.5038333257575744        51.858836999999916     
   3.0076666567460397        66.952059113095288     
   4.5114999864498655        84.343718487804821     
   6.0153333137254883        99.113327105882561     
   7.5191666358024625        124.32371825925927     
   9.0229999444444413        166.13081933333342     
   10.526832948717946        208.38510023076927     

   1.4940681818181814        36.616138999999983     
   2.9808124999999999        77.454580500000120     
   4.2966666666666660        95.595723999999876     

   1.4823499999999996        310.34574275000000     
   2.9462857142857137        984.26771128571454     
   4.0818333333333330        1289.6263610000015     

   1.5038333333333336        1.3812457499999971     

   1.5017373902439004        205.81625632195122     
   3.0048946129032310        632.79236221935457     
   4.5076636755952437        1071.1690118214290     
   6.0096798026315765        1350.0932358684217     
   7.5100247872340349        1669.4552916382988     
   9.0058132666666637        2002.3985504000009     
   10.483866500000000        2217.6643560000002     

   1.5038333333333322        67.977131212121222     
   3.0076666666666649        254.19391739999995     
   4.5115000000000007        444.91848275000007     

   1.5038333333333349        78.848432181818168     
   3.0076666666666672        154.18795599999976     

   1.4974203980099521        154.87822779104468     
   2.9969249999999983        528.82853915000010     
   4.4900166666666674        1030.6718740500005     
   5.9539523809523809        1565.1946251428569     
   7.0895000000000001        2118.5413560000015     

   1.5038333333333327        53.555244540000004     
   3.0076666666666645        139.67733099999998     
   4.5114999999999972        269.47959218181819     
   6.0153333333333334        357.58850749999988     

   1.5038333333333336        549.80604349999953     

   1.5038333333333329        79.978929235294132     
   3.0076666666666672        174.31226579999986     

   1.5038333333333322        141.21579480000008     

   1.4946914893617025        77.026314835106362     
   2.9904799999999994        158.09197816999983     
   4.4685333333333359        265.75447692499989     
   5.8005000000000004        397.04666512499966     

   1.5027428003384085        14.219285111675132     
   3.0062150788288369        27.256646101351389     
   4.5094732547169896        39.559722367924621     
   6.0123074882629091        45.169443929577533     
   7.5141705038759676        44.860079186046576     
   9.0132347727272712        48.967334500000057     
   10.499978958333337        46.727895124999947     

   1.5038333333333336        2.0789575000000147     

   1.5038333333333345        140.99015711764707     
   3.0076666666666672        491.51976439999987     

   1.5008075117370911        54.066003197183079     
   3.0026705426356575        91.672574534883694     
   4.5017348484848503        134.52503290909087     
   5.9884791666666661        123.24432525000002     
   7.3043333333333331        101.52984100000002     

   1.4823499999999996        20.128590500000016     
   2.9462857142857146        33.161210142857151     
   4.0818333333333330        13.905860999999986     

   1.5038333333333336        219.73417300000003     

   1.5038333333333340        85.819068565476186     
   3.0076666802168091        169.37417389430894     
   4.5115000196078476        289.53981642352943     
   6.0153333641975291        434.41830642592589     
   7.5191667222222209        625.84194803333344     
   9.0230001282051280        874.62207300000000     
   10.526833333333338        735.61884966666639     

   1.4940681818181825        143.49575318181826     
   2.9808124999999999        380.32957475000023     
   4.2966666666666677        539.77714100000037     

   1.5038333333333336        23.472671999999978     

   1.4866466666666651        351.05099275999993     
   2.9646999999999992        861.17542790000005     
   4.2966666666666660        1717.2991629999999     

   1.5038333333333354        70.581913329411819     
   3.0076666666666672        197.74267196296299     
   4.5115000000000016        439.15964676666653     
   6.0153333333333325        600.28502215384617     
   7.5191666666666679        695.32633633333342     

   1.5038333333333336        197.07719593333343     
   3.0076666666666672        741.58220900000026     

   1.4769791666666687        135.15258237500007     
   2.7928333333333342        229.41029700000001     

   1.5038333333333318        10.591681999999976     

   1.5038333333333325        116.86370527272722     
   3.0076666666666654        352.07731400000023     

   1.5038333333333342        123.25908231481482     
   3.0076666666666649        287.10763819999994     
   4.5114999999999990        367.08709799999997     
   6.0153333333333334        451.37629833333341     

   1.5038333333333354        76.586931909090836     
   3.0076666666666663        245.54975700000000     

   1.5038333333333336        110.80571593333337     
   3.0076666666666667        188.37558724999988     

   1.5038333333333345        236.53386795294136     
   3.0076666666666658        825.94617777777751     
   4.5114999999999990        1606.6225973999999     
   6.0153333333333299        1964.6142464615382     
   7.5191666666666626        2056.9277673333331     

   1.4995792079207930        93.517869584158433     
   3.0012537313432834        276.08417516417904     
   4.5007583333333319        431.29510614999998     
   5.9938499999999975        594.26375335000023     
   7.4577857142857127        806.53595442857193     
   8.5933333333333319        1116.9773889999997     

   1.5038333333333329        240.90076930303024     
   3.0076666666666649        859.66231066666683     
   4.5114999999999990        1305.8840585000003     

   1.5038333333333342        9.8356089999999625     

   1.5038333333333331        81.668020466666647     
   3.0076666666666654        166.15113046153863     
   4.5115000000000007        270.47190599999993     

   1.5018066037735855        23.215990613207534     
   3.0046408450704218        47.993631309859104     
   4.5065038759689902        59.216919279069721     
   6.0055681818181794        73.202668136363641     
   7.4923124999999997        84.718392374999951     
   8.8081649999999989        131.16182500000014     

   1.5010612795698919        1.3234302838709671     
   3.0038303422619066        3.3331558303571405     
   4.5058464692982456        6.5215523026315747     
   6.0061914539007066        8.7528652765957400     
   7.5019799333333337        10.951426159999984     
   8.9800331666666651        14.120511799999964     
   10.311999166666666        16.417773999999977     

   1.5018066037735867        75.388116745283014     
   3.0046408450704232        234.24897821126726     
   4.5065038759689919        278.10957720930219     
   6.0055681818181803        209.63718213636363     
   7.4923125000000006        204.69343812500011     
   8.8081666666666667        201.75372500000000     

   1.5038333333333316        2.5462652352941113     
   3.0076666666666667        2.7758679999999947     

   1.5038333333333320        88.409560600000148     

   1.5038333333333336        188.80681499999972     

   1.5038333333333311        94.381117272727110     
   3.0076666666666663        220.04909899999959     

   1.4424523809523833        246.69319771428576     
   2.5779999999999990        674.10219600000005     

   1.5038333333333316        503.89257258823540     
   3.0076666666666667        1854.8926856000005     

   1.4424523809523799        146.88609700000009     
   2.5779999999999990        361.82148600000016     

   1.5023817454954966        21.466951905405434     
   3.0056399213836502        61.646399056603848     
   4.5084741549295790        116.50147997183095     
   6.0103371705426332        183.44452260465116     
   7.5094014393939394        265.91265604545464     
   8.9961456250000023        371.99341399999997     
   10.311999999999999        407.44729700000056     

   1.5038333333333334        42.497836999999990     
   3.0076666666666672        25.858903750000035     

   1.5038333333333334        209.31919419999986     
   3.0076666666666672        643.36209699999984     
   4.5115000000000007        955.43429766666611     

   1.5038333333333340        80.473925923076948     
   3.0076666666666672        246.84767400000001     

   1.5008075000000010        7.3202232112676091     
   3.0034125247524788        12.450509445544540     
   4.5050870398009977        16.345707507462667     
   6.0045916249999989        26.529712074999999     
   7.4976832500000015        38.431130599999918     
   8.9616188095238112        41.405141142857111     
   10.097166666666665        25.904860999999968     

   1.5008075000000010        15.602613887323924     
   3.0034125247524788        22.345555277227735     
   4.5050870398009977        35.914550179104467     
   6.0045916249999989        63.198053874999935     
   7.4976832500000015        94.270923650000000     
   8.9616188095238112        146.69337185714292     
   10.097166666666665        238.20240400000046     

   1.5008075000000010        151.16473238028175     
   3.0034125247524788        458.60341675247525     
   4.5050870398009977        761.63578822388104     
   6.0045916249999989        1083.3405139499998     
   7.4976832500000015        1419.7212110500004     
   8.9616188095238112        1602.4791651428568     
   10.097166666666665        1482.9166960000000     

   1.5038333209876553        12.838694866666657     
   3.0076666491228092        41.719517768421071     
   4.5114999731182799        82.770831306451612     
   6.0153332870370368        140.71481380555562     
   7.5191665686274529        198.51337652941180     
   9.0229996666666690        304.58963780000005     

   1.4940681818181814        14.528995590909101     
   2.9808124999999999        50.611987875000025     
   4.2966666666666677        74.992880999999954     

   1.5038333209876553        146.35337093333317     
   3.0076666491228092        228.96289043157901     
   4.5114999731182799        254.42956553225801     
   6.0153332870370368        322.48080536111087     
   7.5191665686274529        346.61826994117632     
   9.0229996666666690        511.52534539999999     

   1.5038333333333347        76.763378596774203     
   3.0076666666666658        181.22506766666663     
   4.5114999999999990        312.88615447058822     
   6.0153333333333316        511.92919380000001     

   1.4940681818181807        44.588990318181814     
   2.9808124999999972        128.91813437499988     
   4.2966666666666677        273.61972899999989     

   1.5038333333333336        222.69760400000010     

   1.4866466666666656        115.47146668000003     
   2.9646999999999983        118.27592800000006     
   4.2966666666666695        101.65973700000018     

   1.5038333333333342        10.570257810344822     
   3.0076666666666645        24.744249575757582     
   4.5114999999999990        33.626498799999986     
   6.0153333333333334        46.269464249999992     

   1.4866466666666653        30.685123359999974     
   2.9646999999999983        33.023573899999974     
   4.2966666666666660        111.99715249999966     

   1.5038333197831983        5.0095566747967508     
   3.0076666470588251        6.1199828235294236     
   4.5114999691358042        8.1831404074074214     
   6.0153332777777759        9.0468994000000134     
   7.5191662820512830        7.4547620000000290     
   9.0229994444444444        8.2638156666666642     

   1.5038333333333320        4.5024705999999908     

   1.5038333190883211        5.2599752564102547     
   3.0076666458333343        11.798821462499987     
   4.5114999666666655        17.204420519999989     
   6.0153332716049359        27.074894259259207     
   7.5191665151515146        34.218928909090842     
   9.0229991666666685        30.466947999999753     

   1.4424523809523815        210.59246657142862     
   2.5780000000000012        382.95960400000041     

   1.4940681818181809        54.840254454545466     
   2.9808124999999990        91.264221124999978     
   4.2966666666666677        90.499089000000012     

   1.5038333190883211        85.367690282051228     
   3.0076666458333343        120.20581138749996     
   4.5114999666666655        188.41200405999993     
   6.0153332716049359        214.72442666666672     
   7.5191665151515146        331.39931927272727     
   9.0229991666666685        558.90031999999906     

   1.4999970089285726        95.632462026785603     
   3.0020131359649125        322.81420102631591     
   4.5023581205673757        693.44189972340428     
   5.9981465999999974        1132.9671236400000     
   7.4761998333333342        1309.7382025999998     
   8.8081658333333337        1349.0720190000002     

   1.5038333333333331        16.987681250000040     

   1.5038333333333331        45.774297999999945     

   1.5038333333333329        99.955626999999865     

   1.5038333333333329        19.326586999999911     

   1.4769791666666696        114.18686475000001     
   2.7928333333333324        162.44116099999962     

   1.5038333333333320        82.351332818181760     
   3.0076666666666663        184.90863499999983     

   1.5038333333333336        137.40501500000016     

   1.5038333333333336        174.53112700000017     

   1.4866466666666667        14.819607199999989     
   2.9647000000000014        38.534344399999995     
   4.2966666666666651        74.769311500000100     

   1.5038333333333325        28.863089592592587     
   3.0076666666666649        48.539537000000067     
   4.5114999999999998        101.48803050000002     

   1.5038333333333356        42.311706241379312     
   3.0076666666666658        102.50416957575756     
   4.5115000000000016        90.336068466666617     
   6.0153333333333379        28.850927250000030     

   1.5038333333333367        66.735365199999961     

   1.4995791914191452        55.901538613861327     
   3.0012537064676641        85.418555089552171     
   4.5007582916666697        111.14582677500005     
   5.9938499166666688        203.19398339999984     
   7.4577854761904803        348.17245414285725     
   8.5933333333333319        545.41256399999963     

   1.4866466666666664        5.8162512799999915     
   2.9646999999999997        14.684325299999974     
   4.2966666666666669        33.866119499999968     

   1.5038333157894763        11.513047010526316     
   3.0076666397849467        26.630468483870967     
   4.5114999537037050        45.799424305555561     
   6.0153332352941185        56.288844235294142     
   7.5191663333333336        75.613665200000000     

   1.5038333333333336        37.151078249999969     

   1.5038333333333336        236.38036599999992     

   1.5038333333333327        46.248299555555541     
   3.0076666666666658        64.987818411764763     
   4.5114999999999990        79.321327800000006     

   1.5038333333333342        10.658226818181763     
   3.0076666666666672        32.547762499999962     

   1.5038333333333318        72.865533213999925     
   3.0076666666666672        212.37720915249994     

   1.5038333333333320        87.431034799999935     

   1.5038333333333322        77.311175000000020     
   3.0076666666666654        203.42646425000021     

   1.5038333137254922        16.712393152941178     
   3.0076666358024693        22.643297037037012     
   4.5114999444444441        22.259183933333311     
   6.0153329487179468        36.934026923076900     
   7.5191661111111117        67.738753999999958     

   1.5038333333333336        17.098152181818168     
   3.0076666666666672        10.138965000000020     

   1.4974203980099523        33.150179641791077     
   2.9969249583333317        80.290256425000067     
   4.4900165833333334        157.67165400000005     
   5.9539519047619036        186.41649085714295     
   7.0895000000000001        286.67410000000024     

   1.5038333333333336        40.377086666666649     

   1.5038333137254922        124.21206008235296     
   3.0076666358024693        300.06368829629633     
   4.5114999444444441        351.33314430000024     
   6.0153329487179468        450.76065092307698     
   7.5191661111111117        568.53735100000006     

   1.4769791666666641        106.11539012499995     
   2.7928333333333342        275.45466399999987     

   1.5038333125000016        11.571969362500008     
   3.0076666333333315        7.6902021600000054     
   4.5114999382716050        12.743452888888889     
   6.0153331818181783        12.302101818181804     
   7.5191658333333349        17.662154999999963     

   1.4424523809523824        75.772119428571429     
   2.5780000000000012        73.431761000000179     

   1.5038333333333329        194.93299774000002     
   3.0076666666666654        611.09714066666641     
   4.5114999999999990        1279.4837960909090     
   6.0153333333333343        1660.7983824999992     

   1.5038333333333336        49.044445999999887     

   1.5038333796296282        45.526922999999996     
   3.0076667647058786        128.86559217647059     
   4.5115003333333323        179.94535579999996     

   1.4981798026315807        5.8227160657894670     
   2.9985247872340426        9.7455901276595611     
   4.4943132666666665        12.091054399999996     
   5.9723664999999979        10.042574799999993     
   7.3043325000000010        22.518133999999964     

   1.5038333333333327        159.51285441176464     
   3.0076666666666672        474.47617219999955     

   1.4769791666666654        180.97640112500005     
   2.7928333333333324        324.13501799999995     

   1.5038333333333327        12.761447941176463     
   3.0076666666666663        40.726246200000084     

   1.4769791666666654        65.933939374999937     
   2.7928333333333324        161.95421600000006     

   1.5038333333333316        18.129107749999996     

   1.4974203731343307        131.04934094029844     
   2.9969249583333344        421.94051162500000     
   4.4900165833333361        721.35941990000003     
   5.9539521428571458        806.45290971428574     
   7.0894999999999984        786.41917599999999     

   1.5038333333333336        87.654019000000005     

   1.5038333333333318        72.055710277777777     
   3.0076666666666654        194.89055100000002     
   4.5114999999999998        315.93612880000012     

   1.4946914893617003        37.282004021276585     
   2.9904800666666631        133.18796892000000     
   4.4685334999999977        246.83588480000003     
   5.8004999999999987        381.14706249999989     

   1.5038333333333327        372.08035592307709     
   3.0076666666666676        1282.8875406666666     

   1.4424523809523799        24.813429285714285     
   2.5779999999999990        71.047020999999717     

   1.5038333333333336        31.678260500000086     

   1.5038333333333338        81.526076846153970     
   3.0076666666666672        143.78043000000000     

   1.5038333024691370        1.9809341111110983     
   3.0076666111111092        2.6811372999999761     
   4.5114996153846167        3.1209069230769138     
   6.0153327777777790        6.5766373333332773     

   1.5038333024691370        43.334264092592626     
   3.0076666111111092        90.964433433333468     
   4.5114996153846167        171.15783800000020     
   6.0153327777777790        261.39047100000039     

   1.4988372093023252        178.57439255813944     
   2.9979014393939396        372.67389972727273     
   4.4846454166666696        755.59053212499964     
   5.8005000000000013        1355.2118090000004     

   1.4866466666666656        90.127827680000053     
   2.9646999999999997        256.96224600000016     
   4.2966658333333347        491.87577400000032     

   1.5038332999999993        151.80279110000001     
   3.0076666049382710        440.64143951851867     
   4.5114998484848456        582.96843654545455     
   6.0153325000000013        302.06172449999997     

   1.5038333333333338        4.0360830000000334     

   1.4608666666666659        134.68611730000003     
   2.7928333333333324        274.31799050000006     

   1.5038332999999993        37.255106780000006     
   3.0076666049382710        128.83100281481484     
   4.5114998484848456        241.76396709090915     
   6.0153325000000013        373.30633499999999     

   1.5038333333333338        262.77314539999986     

   1.4946914539007097        12.356843851063832     
   2.9904799333333334        32.242887800000005     
   4.4685331666666670        39.501613699999979     
   5.8004991666666674        39.577964000000016     

   1.4946914539007097        87.752416446808539     
   2.9904799333333334        177.33412663999999     
   4.4685331666666670        297.09921349999996     
   5.8004991666666674        352.35600449999998     

   1.5038333333333329        184.35886676923067     
   3.0076666666666676        665.31880133333323     

   1.5038333333333336        97.893878500000284     

   1.5038333333333331        302.91776545454559     
   3.0076666666666649        1009.9401839999996     
   4.5115000000000007        1588.4012947500000     

   1.4988371705426355        6.8786793720930364     
   2.9979014393939383        11.398525818181865     
   4.4846456250000033        26.716026875000090     
   5.8004999999999995        26.851296999999967     

   1.4988371705426355        57.953757837209345     
   2.9979014393939383        107.59049740909090     
   4.4846456250000033        78.074222124999807     
   5.8004999999999995        148.48276400000020     

   1.4930916250000001        33.795760999999978     
   2.9861832500000003        78.505610300000015     
   4.4501188095238131        151.79411942857146     
   5.5856666666666648        236.16584900000018     

   1.4930916250000001        8.6052751249999879     
   2.9861832500000003        7.0287376500000107     
   4.4501188095238131        21.130945714285748     
   5.5856666666666648        23.363285000000001     

   1.4930916250000001        5.2911975999999994     
   2.9861832500000003        14.309853950000004     
   4.4501188095238131        26.463840142857126     
   5.5856666666666648        46.660481000000154     

   1.4930916250000001        9.0668205749999835     
   2.9861832500000003        26.537122999999951     
   4.4501188095238131        29.804306714285655     
   5.5856666666666648        43.911720999999730     

   1.4930916250000001        50.866767499999995     
   2.9861832500000003        116.27467649999987     
   4.4501188095238131        223.37877557142838     
   5.5856666666666648        440.80035600000014     

   1.4930916250000001        91.252074174999890     
   2.9861832500000003        289.60541869999969     
   4.4501188095238131        453.54706157142766     
   5.5856666666666648        418.11863599999879     

   1.5038332828282834        160.61688578787877     
   3.0076665555555553        586.96914439999989     
   4.5114995833333369        1323.1708584999997     

   1.5038333333333309       0.76092920000000186     

   1.5038332870370372        128.11331991666663     
   3.0076665686274509        280.00324729411756     
   4.5114996666666682        587.32078640000009     

   1.4823500000000003        59.357936149999979     
   2.9462857142857168        143.52502871428575     
   4.0818333333333330        154.34047700000005     

   1.5038332870370372        53.810932638888900     
   3.0076665686274509        116.29059817647055     
   4.5114996666666682        284.00930860000005     

   1.4769791666666663        65.444922125000033     
   2.7928333333333342        158.81850400000008     

   1.5038332828282817        11.277667787878798     
   3.0076665555555548        46.212727600000022     
   4.5114995833333333        102.77544300000005     

   1.4608668333333330        9.8651317999999968     
   2.7928341666666654        12.491710000000023     

   1.5038332828282817        161.77878063636376     
   3.0076665555555548        450.94055280000009     
   4.5114995833333333        793.13599374999967     

   1.4424523809523824        137.40329799999998     
   2.5780000000000012        358.91498899999954     

   1.5038333333333336        142.60274163636350     
   3.0076666666666654        356.77681800000039     

   1.5038332828282817        144.50439666666674     
   3.0076665555555548        211.39210093333352     
   4.5114995833333333        373.73319900000035     

   1.4823499999999989        58.301553349999992     
   2.9462852380952378        141.90248842857153     
   4.0818333333333330        185.86132100000009     

   1.5038333333333340        397.82973250000020     

   1.5038332716049385        2.8918237151851858     
   3.0076665151515143        9.9569436490909045     
   4.5114991666666677        21.328450144999994     

   1.5038332716049385        176.95855925925929     
   3.0076665151515143        516.52432572727287     
   4.5114991666666677        608.56799800000022     

   1.5038332716049385        42.238702740740713     
   3.0076665151515143        101.66470254545446     
   4.5114991666666677        134.48759450000017     

   1.4866466000000009        2.8585888400000017     
   2.9646998333333352        5.2952421000000154     
   4.2966658333333374        10.880441000000054     

   1.4866466000000009        2.8490322000000061     
   2.9646998333333352        7.0740434000000061     
   4.2966658333333374        4.5465714999999847     

   1.5038333333333356        26.383425666666653     

   1.5038333333333309        132.50144047058822     
   3.0076666666666636        282.55674559999994     

   1.4424523809523779        70.222654142857166     
   2.5779983333333329        104.18886900000012     

   1.5038333333333356        5.0633570000000026     

   1.4866466000000009        77.117108559999949     
   2.9646998333333352        249.90723300000005     
   4.2966658333333374        355.83299300000010     

   1.4940681060606058        13.004474409090919     
   2.9808122916666684        48.533461875000015     
   4.2966666666666660        59.665388999999955     

   1.4940681060606058        10.414671090909112     
   2.9808122916666684        15.779018624999994     
   4.2966666666666660        30.763496000000160     

   1.4823499166666658        100.61061804999994     
   2.9462854761904760        185.77819771428557     
   4.0818333333333330        225.27822499999991     

   1.5038333333333340        80.985620750000081     

   1.5038333333333314        5.5837500000000047     
   3.0076666666666672        7.2391644999999887     

   1.5038332222222226        11.223852266666654     
   3.0076662499999998        7.5337900000000211     

   1.5038341666666686        136.99565650000000     

   1.4769791666666681        55.261013499999990     
   2.7928333333333324        159.92848600000031     

   1.5038332222222228        65.760660866666640     
   3.0076662500000015        118.37632975000000     

   1.4424523809523806        101.89914542857147     
   2.5780000000000012        275.09228099999933     

   1.5038332222222228        59.086536333333370     
   3.0076662500000015        51.696923500000175     

   1.5038329487179507        9.4969363846153829     
   3.0076661111111131        14.432050999999994     

   1.4424521428571431        145.19909157142862     
   2.5780000000000012        264.97049999999979     

   1.5038331818181794        11.334874454545444     
   3.0076658333333341        12.682236499999988     

   1.5038333333333336        37.434260250000044     

   1.5038331818181794        70.095809363636349     
   3.0076658333333341        224.82150049999973     

   1.4608665000000003        7.9780797999999802     
   2.7928325000000012        20.651802999999994     

   1.5038333333333374        17.589411125000019     

   1.4608665000000003        174.92467200000010     
   2.7928325000000012        650.46296450000000     

   1.5038333333333374        56.421871999999780     

   1.4608665000000003        33.479827199999953     
   2.7928325000000012        61.962090000000416     

   1.4769789583333357        146.20841162500000     
   2.7928333333333324        364.90643599999999     

   1.4769789583333357        111.09372749999997     
   2.7928333333333324        481.08424499999967     

   1.4769789583333357        5.8700403750000056     
   2.7928333333333324        2.1427249999999796     

   1.4769789583333357        63.625450625000063     
   2.7928333333333324        150.11632100000028     

   1.5038330000000042        116.87132780000002     

   1.4424521428571428        5.1066937142857318     
   2.5779999999999972        11.340494000000037     

   1.4424521428571428        91.638243000000003     
   2.5779999999999972        165.88754899999992     

   1.4424521428571428        8.7222918571428085     
   2.5779999999999972        7.2617610000000186     

   1.5038330000000013        71.011883800000106     

   1.5038330000000013        11.601002800000002     

   1.5038330000000013        317.24223079999996     

   1.5038329166666653        1.6212782499999987     

   1.5038327777777782        10.264953999999969     

   1.5038329166666653        118.39100483499999     

   1.5038329166666653        67.768293250000156     

   1.5038333333333325        270.52062866666671     

   1.5038333333333325        203.71299033333335     

   1.5038333333333325        20.587904000000012     

   1.5038333333333325        155.95557766666684     

   1.5038333333333325        185.12510700000016     

   1.5038325000000041        22.179589000000039     

   1.5038325000000041        68.933813000000114     

   1.5038325000000041        87.803876000000002     

   1.5038325000000041        471.68628650000051     

