  0.55555555555555558                9         104
  0.40000000000000002               60         104
  0.50000000000000000               24          44
   0.0000000000000000               13         104
   9.0909090909090912E-002          11         104
  0.94047619047619047               84         104
  0.10000000000000001               10         104
  0.88000000000000000               25          45
  0.50000000000000000               50         104
  0.94117647058823528               17          37
   1.0000000000000000                7          27
  0.52380952380952384               21          45
  0.55102040816326525               49         104
   0.0000000000000000               11         104
  0.86666666666666670               15          35
  0.34615384615384615               26         104
  0.53333333333333333               30         104
   1.0000000000000000               21          41
   0.0000000000000000                6         104
  0.18421052631578946               38          75
  0.76470588235294112               51          76
  0.47142857142857142               70         104
  0.25000000000000000               12         104
  0.59999999999999998               30          58
  0.69230769230769229               65          85
  0.56250000000000000               16          36
  0.50000000000000000               58         104
  0.73529411764705888               34          63
   1.0000000000000000               12          32
   0.0000000000000000                9          29
  0.60377358490566035               53          74
  0.83333333333333337               24          44
  0.24444444444444444               45          88
  0.46666666666666667               15          36
   1.0000000000000000               12          32
  0.10000000000000001               10          37
  0.40963855421686746               83         104
  0.54761904761904767               42          92
  0.37500000000000000                8          32
   1.0000000000000000               10          30
  0.87500000000000000                8          28
  0.54545454545454541               11          31
  0.73684210526315785               76          96
  0.77777777777777779               27          47
  0.40000000000000002               30          50
  0.40909090909090912               22         104
  0.38461538461538464               26          78
  0.48387096774193550               62         104
  0.85714285714285710               21          41
  0.36842105263157893               57         103
  0.71875000000000000               32          52
  0.50000000000000000               16          39
  0.28571428571428570               21          41
  0.56250000000000000               32          61
  0.14285714285714285                7          36
  0.53333333333333333               45          70
  0.69999999999999996               10          30
   1.0000000000000000               22          42
  0.61538461538461542               13          33
  0.75000000000000000                8          28
  0.50000000000000000               14          34
  0.40000000000000002               10          30
  0.70588235294117652               17          37
   0.0000000000000000                7          27
  0.23529411764705882               17          37
  0.60869565217391308               46          74
  0.96153846153846156               26          46
  0.40000000000000002               15          35
  0.60377358490566035               53          86
  0.77419354838709675               31          51
  0.83333333333333337                6          26
  0.88888888888888884               18          38
  0.50000000000000000               14          34
  0.41666666666666669               12          32
  0.57142857142857140                7          27
  0.94117647058823528               17          37
  0.69999999999999996               10          30
   1.0000000000000000                8          28
  0.70270270270270274               37          57
  0.50000000000000000               14          34
  0.50000000000000000                8          28
   1.0000000000000000                9          29
  0.83333333333333337               42          69
  0.52173913043478259               23          43
  0.50000000000000000                6          26
  0.16666666666666666                6          88
   1.0000000000000000               13          33
  0.76595744680851063               47          80
  0.82608695652173914               23          43
   0.0000000000000000                6          26
  0.69999999999999996               10          30
  0.76190476190476186               63          83
  0.68965517241379315               29          49
  0.51851851851851849               54          82
  0.42307692307692307               26          52
  0.31250000000000000               16          46
  0.41509433962264153               53          79
   1.0000000000000000               31          51
  0.73809523809523814               42          62
  0.57446808510638303               47          79
  0.92307692307692313               39          59
  0.85714285714285710                7          27
  0.97435897435897434               39          77
  0.28888888888888886               45          76
  0.57894736842105265               19          75
  0.96875000000000000               32          52
   7.1428571428571425E-002          14          74
   1.0000000000000000               18          38
  0.64705882352941180               34          54
  0.71428571428571430                7          27
  0.92307692307692313               52          72
  0.72727272727272729               11          31
  0.16666666666666666                6          26
  0.75000000000000000                8          28
  0.29411764705882354               17          71
   1.0000000000000000               14          34
  0.59183673469387754               49          69
  0.90000000000000002               20          43
  0.40000000000000002               35          55
   1.0000000000000000               27          47
  0.81818181818181823               22          42
   1.0000000000000000                6          26
  0.25806451612903225               31          67
  0.28571428571428570                7          27
   1.0000000000000000               47          67
  0.74285714285714288               35          55
  0.46153846153846156               39          66
  0.82222222222222219               45          65
  0.16666666666666666                6          26
  0.28571428571428570               42          65
  0.71428571428571430                7          27
   1.0000000000000000                6          26
  0.82926829268292679               41          63
   1.0000000000000000               11          31
   1.0000000000000000               20          40
  0.75000000000000000               16          36
   1.0000000000000000               15          35
  0.40476190476190477               42          62
  0.61904761904761907               21          41
  0.33333333333333331                6          26
  0.84210526315789469               38          58
  0.57142857142857140                7          27
   1.0000000000000000                8          28
  0.87500000000000000               24          44
  0.76470588235294112               17          37
  0.79166666666666663               24          44
  0.81481481481481477               27          47
   1.0000000000000000               11          31
  0.80000000000000004               10          30
  0.60714285714285710               28          48
  0.71428571428571430               28          48
  0.85714285714285710               35          55
  0.90000000000000002               10          30
  0.70967741935483875               31          54
  0.54545454545454541               22          54
  0.94117647058823528               34          54
  0.93939393939393945               33          53
   1.0000000000000000                7          27
  0.66666666666666663               33          53
  0.94736842105263153               19          39
   1.0000000000000000                7          27
   0.0000000000000000                8          28
  0.62500000000000000               16          38
   0.0000000000000000                8          28
  0.31578947368421051               19          51
  0.59999999999999998               20          50
  0.28571428571428570                7          27
  0.37931034482758619               29          50
  0.93103448275862066               29          49
  0.87500000000000000                8          28
  0.66666666666666663                9          29
  0.61111111111111116               18          38
  0.65384615384615385               26          47
  0.50000000000000000                8          28
  0.59999999999999998               20          46
  0.33333333333333331               12          32
  0.42105263157894735               19          44
  0.65000000000000002               20          40
  0.79166666666666663               24          44
  0.21052631578947367               19          43
  0.87500000000000000               16          36
  0.91666666666666663               12          32
  0.30769230769230771               13          42
  0.84999999999999998               20          40
  0.91666666666666663               12          32
  0.93333333333333335               15          35
  0.76470588235294112               17          37
  0.50000000000000000               14          34
  0.62500000000000000                8          28
  0.75000000000000000               16          36
  0.87500000000000000               16          36
  0.73333333333333328               15          35
  0.73333333333333328               15          35
   1.0000000000000000               11          31
  0.41666666666666669               12          34
  0.35714285714285715               14          34
  0.84615384615384615               13          33
   8.3333333333333329E-002          12          33
  0.81818181818181823               11          33
  0.76923076923076927               13          33
  0.84615384615384615               13          33
  0.84615384615384615               13          33
   1.0000000000000000               11          31
   1.0000000000000000               12          32
   1.0000000000000000                6          26
  0.75000000000000000               12          32
   1.0000000000000000               11          31
   1.0000000000000000               11          31
  0.45454545454545453               11          31
  0.83333333333333337                6          26
   1.0000000000000000                8          29
  0.88888888888888884                9          29
  0.66666666666666663                9          29
  0.50000000000000000                6          28
   1.0000000000000000                8          28
   1.0000000000000000                7          27
   0.0000000000000000                6          27
  0.83333333333333337                6          26
