   1.1231381632134174     
   1.3364560588881962     
  0.59418599103800773     
   3.8239639269355714     
  0.80991988640335810     
  0.32290514429472633     
   2.5104988356301008     
  0.87577074385223419     
  0.47931808143328686     
   2.7325739775128253     
   1.7014710084220483     
   4.1717705699095369     
  0.46951638803715878     
   5.9254295238761445     
   2.0068658033221798     
   1.7098415902380659     
  0.86735347600549073     
   2.5975130400534647     
   3.8263832576154235     
   1.2763825337193544     
   1.5272849540971882     
   4.5134711254800806     
  0.38193221241729935     
   1.2897321418073546     
   2.5559256859156005     
   1.4223779637267633     
  0.82085903178523356     
   2.1014079616597505     
   2.4557745669796831     
   2.6770553546196405     
   6.5852247154696331     
   1.9405690394279862     
   6.2819843060289076     
   5.0408013939988372     
   1.1664011111357746     
   1.5870901825260426     
  0.68094317849729857     
   4.2571499367572239     
   2.2064722110798560     
   6.9760469841392245     
  0.84117320188012801     
   6.7514320555395031     
   6.9087115274975170     
   2.3629467174852059     
   3.5169297554313017     
   7.6316193883520924     
  0.82043742370111450     
   3.2635190748508718     
   1.2924238451621330     
   5.7403885778672530     
   3.1021680838224963     
   4.5845070927095577     
   1.0639592909282725     
   1.9376896435151039     
   1.6330803231945437     
   3.4881384842273242     
   3.0199852629210273     
   5.5294001214301209     
   2.0999253134684870     
   5.2930226217307892     
   4.4666747695232765     
   6.4079384462795641     
   2.9297636113294310     
   3.4618613238794005     
  0.54233351651867678     
   2.6984529076795702     
   4.1990541239463957     
  0.92445251221158442     
   1.6512048266849026     
   1.9308475827387890     
   3.2506222227667534     
   2.5625526027921008     
   2.9073197667180875     
   1.9594199063075168     
   3.3334426750141302     
   5.5409757962080430     
   1.7822237878213090     
   1.3822055154113497     
   3.1300504325323217     
   2.4577833015951374     
   2.9365386777169298     
   3.4044658220505815     
   7.1345632399331951     
   4.0367490117799871     
   4.7509130340306056     
   2.3198058671365107     
   2.3889093689665528     
   3.2980449776767737     
   6.5199900340379671     
   2.4458495167439955     
   3.4786054594637505     
   6.9924204342918088     
   3.1102581665786735     
  0.62716933182266565     
   4.6315115928974349     
   3.5152737673939987     
   3.5166232068509502     
   6.2259523224263784     
   2.3227647057520016     
   3.8424076442582606     
   5.6947049122103337     
   5.3800033514290035     
   6.5904377670564314     
   5.8425340062016966     
   4.3477655956711718     
   5.5541914931511007     
   2.0272183438153575     
   2.5480236067714812     
   4.2029044904665565     
   5.5186599516574093     
   3.9895347511583186     
   6.5695740151832425     
   4.6249261698857378     
   5.1832185251946523     
   3.4320103691229469     
   2.4415016480738885     
   3.9993357926546742     
   3.1581577267383540     
   7.8606454275169240     
   3.5217803913495724     
   7.5474179114956454     
   3.5757515645905400     
   2.5001625593383676     
   5.7049375034084502     
   3.6755120192047137     
  0.86745986773489381     
   4.7057792200703084     
   6.6343359544825606     
   3.8540338862589874     
   3.2773458690093422     
   3.9905444824568903     
   3.6482634375149630     
   4.6545995931364610     
   2.2060246058471797     
   2.3424650919618450     
   1.8944522262172416     
   6.3961428960257312     
   1.7227731252830094     
   7.5710500146763868     
   1.5853685407886335     
   3.2978138630274665     
   3.1710613112007429     
   4.2923234677613129     
   3.0704354665208662     
   1.3259252160927475     
   3.5167956704935839     
   5.1972843833938223     
   2.3466857079254089     
   8.0049438477438137     
   1.8337445427190524     
   5.6375955884419620     
   2.9265667576933891     
   3.2524444880211236     
   2.4856543642495521     
   3.9504696181262591     
   3.9717351883524183     
  0.81563859832877417     
   6.3395419849047894     
   7.1873931157649285     
   4.6285824137614702     
   6.2454525204187306     
   3.4169266936500429     
   5.5627970147896075     
   2.6490344675138098     
   2.6385107325523118     
   4.0995885285490230     
   7.1302700182119940     
   6.3628237903294647     
   4.9942582144850700     
   4.0284201128097328     
   4.5071526715574652     
  0.93631582164318317     
   6.8351528826638903     
   6.2257227078878925     
   4.7778204329531961     
   2.1635540532963842     
   1.4058715732175253     
   2.6969919487475598     
   1.9927734730896449     
   6.3923618528803150     
   7.2010299747970867     
   4.1291968422427558     
   3.7446479009105529     
   5.9297703938962734     
   6.1903336234857980     
   1.4141866726827867     
   5.1085455828041111     
   4.3486373036889256     
   3.5348127727910597     
   6.0975090640287855     
   5.2449417280960544     
   3.6028568255097198     
   7.5958074436283409     
   6.5000620355542207     
   1.9143164903824232     
   3.2879935909393989     
   3.9726222474107451     
   2.5665173252972191     
   3.6915228410372256     
   5.9921227060639737     
   3.8758929813419352     
   4.6607930654005214     
   5.3152014664220166     
   4.4596991123173693     
   3.7918610691640575     
   5.4173701591701224     
   3.9099318142122512     
   1.9892480844981768     
   6.4128749120674744     
   2.9427785579798602     
   2.6258328142739233     
   3.2992519580420270     
   5.0739488247124731     
   5.9266167118899817     
   3.7854953182213760     
   6.8403735893375250     
   6.2107838427342124     
   6.0909249001990906     
   4.0855431309981816     
   5.6781551085570303     
   5.5757835120412356     
   4.5476796644351847     
   3.6841362237050514     
   5.6145376441062487     
   4.3474910250452004     
   2.4881726151356567     
   1.1952939193377041     
   3.0731063787448942     
   1.0917677515322506     
   5.6524120773734801     
   7.9396657558180150     
   7.8501885676749428     
   7.1839204189675812     
   2.8579669963391661     
   3.7065962771246554     
   5.3823449935219179     
   5.6970122520783306     
   1.7422647956597699     
   2.3784706186791285     
   3.7488975908208397     
   2.7845519241540191     
   3.3495874053354040     
   3.3114085073506430     
   3.9814876674684108     
   4.3148023337535255     
   3.9865642304731579     
   2.4272802641835689     
   3.4753005390972711     
   1.1706171400445855     
   1.7900896805957023     
   7.3640797248890646     
   3.7666802273504385     
   3.1841697621201597     
   3.8882982430481405     
   5.8625677615862752     
   5.4731411542700794     
   3.2703284122448397     
   3.4551246771028885     
   2.8309160986237036     
   3.1237484922001362     
   2.5271866778307195     
   2.4072039567701822     
   3.4941556326674252     
   3.4810696866162383     
   5.5475268199995513     
   5.5306661553794152     
   2.2159979578891171     
   2.6896007741221215     
   3.2170529982946903     
   3.7337073191968173     
   6.2882754301381238     
   1.5885008069485174     
   5.4839092521500428     
   4.8480908331342043     
   4.0372011402452213     
   1.6030162088370852     
   6.4212158282160159     
   6.5992566482557837     
   3.7133499670700627     
   5.6825560385635105     
   4.0861702079703415     
   4.4457857177882030     
   3.8110499193776262     
   7.4660473331818267     
   5.0569317095672650     
   5.2692790317944844     
  0.94041692215817263     
   3.5290966239728370     
   4.6520141156873036     
   4.8652451911093255     
   4.1631209801444164     
   6.3617006038553034     
   3.7447738402450010     
   2.5078442510452668     
   3.9301338406168300     
   6.7339827379871551     
   5.7696338754186360     
   2.1107576101054422     
   3.2942112970740340     
   3.5265422760844514     
   1.9817224142574645     
   2.3038868828166850     
   2.4512505404459031     
   3.8693595155833806     
   4.2053286876522975     
   5.4594942700911835     
   4.8754909334616521     
   4.2599877389079825     
   4.2133332980928069     
   5.6635129688555166     
   3.3404266204731328     
   2.8877430008979559     
   5.1694273187026463     
   7.1527997141588147     
   6.1604069889754376     
   4.6174898263159116     
   4.3333131590191227     
   2.0757592402148988     
   5.1110637253304034     
   3.8370454658096529     
   1.6479177927798025     
   1.3711332908176452     
   5.9524346864525111     
   5.7782243259726549     
   4.7023886170232370     
   3.2278331843285195     
   2.5719620701215766     
   4.5685272548003129     
   2.0894907331015355     
   2.3279159915860950     
   5.6147851480556907     
   5.0504536178266086     
   6.8022814353002250     
   4.3572562662425938     
   2.7975520195883301     
   6.8936733628672000     
   2.7466906507193061     
   5.5815312449231813     
   3.2514203582363699     
   7.1842569004198369     
   4.6465456079868686     
   6.6311443568300366     
   6.7775995787729419     
   1.2203888897416750     
   5.6064495245311248     
   2.8098260987117420     
   6.2999960550082568     
   2.5906080519779136     
